Timestamp,Open,High,Low,Close,Volume
1791171000,335.3,335.85,333.2,333.9,67
1791171060,333.85,334.3,333.85,334.3,11
1791171120,334.65,334.65,334.45,334.55,12
1791171180,334.5,334.5,334.35,334.35,11
1791171240,334.3,334.35,334.3,334.35,10
1791171300,334.55,334.55,334.35,334.5,9
1791171360,334.5,334.5,334.5,334.5,1
1791171420,334.5,334.5,334.5,334.5,1
1791171480,334.65,334.65,334.65,334.65,1
1791171540,334.35,334.55,334.3,334.55,4
1791171600,334.55,334.55,334.3,334.3,2
1791171660,334.3,334.3,334.3,334.3,3
1791171720,334.3,334.3,334.3,334.3,7
1791171780,334.3,334.35,334.1,334.1,25
1791171840,334.3,334.3,334.3,334.3,1
1791171900,334.15,334.15,334.15,334.15,4
1791171960,334.25,334.25,334.25,334.25,1
1791172020,334.2,334.25,334.2,334.25,5
1791172080,334.25,334.25,334.25,334.25,1
1791172140,334.2,334.2,334.1,334.1,3
1791172200,334.1,334.15,334.1,334.1,11
1791172260,334.1,334.1,334.1,334.1,0
1791172320,334.05,334.1,334.05,334.1,3
1791172380,334.1,334.15,334.0,334.0,7
1791172440,334.05,334.05,334.05,334.05,2
1791172500,334.1,334.1,334.1,334.1,15
1791172560,334.1,334.1,334.05,334.05,15
1791172620,334.05,334.05,334.05,334.05,2
1791172680,334.05,334.05,334.05,334.05,0
1791172740,334.05,334.05,334.05,334.05,7
1791172800,334.1,334.1,334.05,334.05,2
1791172860,334.1,334.15,334.1,334.15,8
1791172920,334.15,334.15,334.15,334.15,0
1791172980,334.15,334.15,334.15,334.15,0
1791173040,334.15,334.15,334.15,334.15,5
1791173100,334.15,334.3,334.15,334.3,16
1791173160,334.3,334.3,334.3,334.3,0
1791173220,334.3,334.3,334.3,334.3,3
1791173280,334.3,334.3,334.3,334.3,0
1791173340,334.15,334.15,334.15,334.15,5
1791173400,334.15,334.15,334.15,334.15,2
1791173460,334.15,334.15,334.15,334.15,1
1791173520,334.15,334.15,334.15,334.15,5
1791173580,334.15,334.15,334.15,334.15,0
1791173640,334.15,334.15,334.15,334.15,0
1791173700,334.1,334.15,334.1,334.15,6
1791173760,334.15,334.15,334.15,334.15,0
1791173820,334.1,334.1,334.05,334.05,20
1791173880,334.05,334.05,334.05,334.05,10
1791173940,334.05,334.05,334.05,334.05,4
1791174000,334.05,334.05,334.05,334.05,0
1791174060,334.05,334.05,334.05,334.05,0
1791174120,334.05,334.1,334.05,334.1,3
1791174180,334.05,334.05,334.05,334.05,4
1791174240,334.05,334.05,334.05,334.05,0
1791174300,334.05,334.05,334.0,334.0,7
1791174360,334.0,334.0,334.0,334.0,0
1791174420,334.0,334.0,334.0,334.0,0
1791174480,334.0,334.0,334.0,334.0,0
1791174540,334.0,334.0,334.0,334.0,0
1791174600,334.0,334.0,334.0,334.0,0
1791174660,334.0,334.0,334.0,334.0,0
1791174720,334.0,334.0,334.0,334.0,0
1791174780,334.15,334.15,334.15,334.15,1
1791174840,334.15,334.15,334.15,334.15,8
1791174900,334.15,334.15,334.15,334.15,0
1791174960,334.15,334.15,334.15,334.15,0
1791175020,334.15,334.15,334.15,334.15,0
1791175080,334.15,334.15,334.15,334.15,10
1791175140,334.15,334.15,334.15,334.15,0
1791175200,334.15,334.15,334.15,334.15,0
1791175260,334.15,334.15,334.15,334.15,0
1791175320,334.15,334.15,334.15,334.15,0
1791175380,334.15,334.15,334.15,334.15,0
1791175440,334.15,334.15,334.15,334.15,0
1791175500,334.15,334.15,334.15,334.15,0
1791175560,334.15,334.15,334.15,334.15,0
1791175620,334.15,334.15,334.15,334.15,0
1791175680,334.15,334.15,334.15,334.15,0
1791175740,334.15,334.15,334.15,334.15,0
1791175800,334.15,334.15,334.15,334.15,0
1791175860,334.15,334.15,334.15,334.15,0
1791175920,334.15,334.15,334.15,334.15,0
1791175980,334.15,334.3,334.15,334.15,4
1791176040,334.15,334.15,334.15,334.15,0
1791176100,334.15,334.15,334.15,334.15,0
1791176160,334.15,334.15,334.15,334.15,0
1791176220,334.15,334.15,334.15,334.15,28
1791176280,334.15,334.3,334.15,334.3,22
1791176340,334.15,334.15,334.1,334.1,6
1791176400,334.1,334.2,334.1,334.2,25
1791176460,334.2,334.2,334.2,334.2,0
1791176520,334.2,334.2,334.2,334.2,0
1791176580,334.2,334.2,334.2,334.2,0
1791176640,334.2,334.2,334.2,334.2,0
1791176700,334.3,334.3,334.3,334.3,4
1791176760,334.35,334.35,334.35,334.35,2
1791176820,334.25,334.25,334.2,334.2,2
1791176880,334.25,334.25,334.2,334.2,8
1791176940,334.2,334.2,334.2,334.2,0
1791177000,334.45,334.45,334.4,334.4,3
1791177060,334.4,334.4,334.4,334.4,0
1791177120,334.3,334.3,334.3,334.3,1
1791177180,334.4,334.45,334.4,334.45,3
1791177240,334.45,334.45,334.45,334.45,0
1791177300,334.45,334.45,334.45,334.45,1
1791177360,334.45,334.45,334.45,334.45,0
1791177420,334.45,334.45,334.45,334.45,0
1791177480,334.45,334.45,334.45,334.45,0
1791177540,334.45,334.45,334.45,334.45,0
1791177600,334.7,334.7,334.7,334.7,2
1791177660,334.7,334.7,334.7,334.7,5
1791177720,334.7,334.7,334.7,334.7,0
1791177780,334.7,334.7,334.7,334.7,0
1791177840,334.7,334.7,334.7,334.7,0
1791177900,334.5,335.0,334.5,335.0,13
1791177960,335.0,335.0,335.0,335.0,0
1791178020,335.0,335.0,335.0,335.0,1
1791178080,335.0,335.0,335.0,335.0,0
1791178140,335.0,335.0,335.0,335.0,0
1791178200,335.0,335.0,334.95,334.95,4
1791178260,334.7,334.7,334.7,334.7,1
1791178320,334.7,334.7,334.7,334.7,10
1791178380,334.8,334.8,334.8,334.8,3
1791178440,334.8,334.8,334.8,334.8,0
1791178500,334.8,334.8,334.8,334.8,0
1791178560,334.7,334.7,334.7,334.7,11
1791178620,334.7,334.7,334.7,334.7,0
1791178680,334.7,334.7,334.7,334.7,0
1791178740,334.7,334.7,334.7,334.7,0
1791178800,334.7,334.7,334.7,334.7,0
1791178860,335.0,335.0,335.0,335.0,23
1791178920,335.2,335.2,335.2,335.2,1
1791178980,335.1,335.1,335.1,335.1,2
1791179040,335.1,335.1,335.1,335.1,2
1791179100,335.1,335.1,335.1,335.1,0
1791179160,335.1,335.1,335.1,335.1,0
1791179220,335.1,335.1,335.0,335.0,3
1791179280,335.0,335.0,335.0,335.0,0
1791179340,334.8,334.8,334.8,334.8,2
1791179400,334.8,334.8,334.8,334.8,0
1791179460,334.8,334.8,334.8,334.8,2
1791179520,334.75,334.75,334.75,334.75,1
1791179580,334.7,334.7,334.7,334.7,4
1791179640,334.7,334.8,334.7,334.8,6
1791179700,334.85,334.85,334.85,334.85,1
1791179760,334.85,334.85,334.85,334.85,0
1791179820,334.85,334.85,334.85,334.85,0
1791179880,334.95,334.95,334.95,334.95,1
1791179940,334.95,334.95,334.95,334.95,0
1791180000,334.95,334.95,334.95,334.95,1
1791180060,334.95,334.95,334.95,334.95,0
1791180120,334.85,334.85,334.85,334.85,2
1791180180,334.85,334.85,334.85,334.85,0
1791180240,334.85,334.85,334.85,334.85,2
1791180300,334.85,334.85,334.85,334.85,0
1791180360,334.9,334.9,334.9,334.9,2
1791180420,334.9,334.9,334.9,334.9,0
1791180480,334.7,334.7,334.7,334.7,2
1791180540,334.7,334.7,334.7,334.7,0
1791180600,334.9,334.9,334.9,334.9,2
1791180660,334.9,334.9,334.9,334.9,4
1791180720,334.8,334.9,334.8,334.9,2
1791180780,334.9,334.9,334.9,334.9,0
1791180840,334.9,334.9,334.9,334.9,0
1791180900,334.9,334.9,334.9,334.9,2
1791180960,334.9,334.9,334.9,334.9,0
1791181020,334.9,334.9,334.9,334.9,0
1791181080,334.85,334.85,334.85,334.85,9
1791181140,334.9,334.9,334.9,334.9,1
1791181200,334.8,334.8,334.8,334.8,1
1791181260,334.8,334.8,334.8,334.8,1
1791181320,334.9,334.95,334.9,334.95,3
1791181380,334.95,334.95,334.95,334.95,0
1791181440,335.0,335.4,335.0,335.4,21
1791181500,335.15,335.15,335.15,335.15,1
1791181560,335.4,335.4,335.4,335.4,2
1791181620,335.4,335.4,335.4,335.4,0
1791181680,335.35,335.35,335.15,335.15,4
1791181740,335.15,335.15,335.15,335.15,0
1791181800,335.15,335.15,335.15,335.15,0
1791181860,335.15,335.15,335.15,335.15,2
1791181920,335.15,335.15,335.15,335.15,0
1791181980,335.15,335.15,335.1,335.1,14
1791182040,335.1,335.1,335.1,335.1,3
1791182100,335.1,335.1,335.1,335.1,3
1791182160,335.1,335.1,335.1,335.1,0
1791182220,335.15,335.15,335.15,335.15,2
1791182280,335.1,335.1,335.1,335.1,5
1791182340,335.05,335.05,335.05,335.05,3
1791182400,335.05,335.05,335.05,335.05,0
1791182460,335.05,335.05,335.05,335.05,1
1791182520,335.05,335.05,334.95,334.95,10
1791182580,334.95,334.95,334.95,334.95,0
1791182640,334.95,334.95,334.95,334.95,0
1791182700,334.95,334.95,334.95,334.95,0
1791182760,335.05,335.05,335.05,335.05,1
1791182820,335.05,335.05,335.05,335.05,2
1791182880,335.05,335.1,335.05,335.1,9
1791182940,335.3,335.3,335.3,335.3,5
1791183000,335.3,335.3,335.3,335.3,0
1791183060,335.3,335.3,335.3,335.3,0
1791183120,335.3,335.3,335.3,335.3,0
1791183180,335.35,335.35,335.35,335.35,2
1791183240,335.35,335.35,335.35,335.35,0
1791183300,335.4,335.4,335.4,335.4,1
1791183360,335.4,335.4,335.4,335.4,0
1791183420,335.4,335.4,335.4,335.4,0
1791183480,335.4,335.4,335.4,335.4,0
1791183540,335.3,335.3,335.3,335.3,3
1791183600,335.45,335.45,335.45,335.45,3
1791183660,335.45,335.45,335.45,335.45,0
1791183720,335.3,335.3,335.3,335.3,2
1791183780,335.3,335.3,335.3,335.3,0
1791183840,335.5,335.5,335.5,335.5,2
1791183900,335.5,335.7,335.5,335.7,3
1791183960,335.7,335.7,335.7,335.7,0
1791184020,335.7,335.7,335.7,335.7,0
1791184080,335.75,335.75,335.75,335.75,1
1791184140,335.75,335.9,335.75,335.9,3
1791184200,336.0,336.05,336.0,336.05,6
1791184260,336.1,336.1,336.1,336.1,1
1791184320,336.2,336.2,336.15,336.15,2
1791184380,336.2,336.2,336.1,336.15,7
1791184440,336.15,336.15,336.15,336.15,0
1791184500,336.0,336.0,336.0,336.0,2
1791184560,336.0,336.05,336.0,336.05,2
1791184620,336.05,336.05,336.05,336.05,0
1791184680,336.05,336.05,336.05,336.05,0
1791184740,335.9,335.9,335.9,335.9,3
1791184800,335.9,335.9,335.9,335.9,0
1791184860,336.2,336.2,336.2,336.2,6
1791184920,336.2,336.2,336.2,336.2,0
1791184980,336.2,336.2,336.2,336.2,0
1791185040,335.9,335.9,335.9,335.9,7
1791185100,336.05,336.05,336.05,336.05,1
1791185160,336.2,336.2,336.2,336.2,4
1791185220,336.2,336.2,336.2,336.2,2
1791185280,336.2,336.2,336.2,336.2,0
1791185340,336.2,336.2,336.2,336.2,0
1791185400,336.2,336.2,336.2,336.2,0
1791185460,336.4,336.4,336.4,336.4,3
1791185520,336.5,336.5,336.5,336.5,2
1791185580,336.5,336.5,336.5,336.5,1
1791185640,336.6,336.6,336.6,336.6,1
1791185700,336.6,336.6,336.6,336.6,0
1791185760,336.8,337.0,336.8,337.0,10
1791185820,336.95,337.0,336.95,337.0,2
1791185880,337.0,337.0,337.0,337.0,1
1791186120,337.4,337.4,337.35,337.35,868
1791186180,337.35,337.45,337.35,337.45,876
1791186240,337.45,337.45,337.45,337.45,876
1791186300,337.45,337.5,337.45,337.5,882
1791186360,337.5,337.65,337.5,337.65,883
1791186420,337.65,337.65,337.5,337.65,889
1791186480,337.65,337.7,337.65,337.7,896
1791186540,337.7,337.8,337.6,337.8,918
1791186600,337.8,337.8,337.8,337.8,918
1791186720,337.7,337.7,337.45,337.45,942
1791186780,337.45,337.45,337.45,337.45,942
1791186840,337.45,337.5,337.45,337.5,943
1791186900,337.5,337.5,337.5,337.5,953
1791186960,337.5,337.5,337.5,337.5,953
1791187020,337.5,337.5,337.5,337.5,953
1791187080,337.5,337.5,337.5,337.5,953
1791187140,337.5,337.5,337.5,337.5,961
1791187200,337.5,337.75,337.5,337.7,969
1791187260,337.7,337.7,337.7,337.7,969
1791188220,337.6,337.75,337.6,337.75,997
1791188280,337.75,337.75,337.7,337.75,1004
1791188340,337.75,337.75,337.75,337.75,1004
1791188400,337.75,337.75,337.4,337.4,1014
1791188460,337.4,337.4,337.4,337.4,1018
