Timestamp,Open,High,Low,Close,Volume
1791171000,1402.95,1402.95,1400.0,1400.6,45
1791171060,1400.35,1401.0,1399.5,1400.5,36
1791171120,1400.9,1400.95,1400.25,1400.45,44
1791171180,1400.85,1400.85,1400.45,1400.45,10
1791171240,1400.5,1400.5,1400.15,1400.35,7
1791171300,1400.25,1400.55,1400.15,1400.55,14
1791171360,1401.0,1401.35,1401.0,1401.35,4
1791171420,1401.2,1401.5,1401.1,1401.1,9
1791171480,1401.1,1401.5,1401.1,1401.5,8
1791171540,1401.55,1401.55,1401.55,1401.55,1
1791171600,1401.9,1402.0,1401.6,1401.7,7
1791171660,1401.9,1401.9,1401.6,1401.9,9
1791171720,1401.9,1401.9,1401.6,1401.6,7
1791171780,1401.9,1401.9,1401.5,1401.8,6
1791171840,1401.4,1401.7,1401.4,1401.7,2
1791171900,1401.7,1401.8,1401.6,1401.8,11
1791171960,1401.9,1402.5,1401.9,1402.5,16
1791172020,1402.7,1402.9,1402.5,1402.6,11
1791172080,1402.5,1402.7,1402.3,1402.4,17
1791172140,1402.15,1402.15,1401.9,1401.9,26
1791172200,1402.15,1402.4,1402.15,1402.4,6
1791172260,1402.3,1402.3,1402.1,1402.1,2
1791172320,1402.25,1402.25,1401.9,1401.9,12
1791172380,1402.15,1402.15,1401.05,1401.6,14
1791172440,1401.55,1402.55,1401.55,1402.55,9
1791172500,1401.95,1402.7,1401.95,1402.4,23
1791172560,1402.45,1402.6,1402.2,1402.25,37
1791172620,1402.55,1402.55,1402.25,1402.25,8
1791172680,1402.35,1402.4,1402.0,1402.1,17
1791172740,1402.0,1402.25,1402.0,1402.0,9
1791172800,1402.3,1402.45,1402.3,1402.45,5
1791172860,1402.45,1402.5,1402.35,1402.5,22
1791172920,1402.45,1402.75,1402.45,1402.75,5
1791172980,1402.8,1402.8,1402.8,1402.8,3
1791173040,1403.0,1403.0,1402.65,1402.65,9
1791173100,1402.9,1402.9,1402.55,1402.55,3
1791173160,1402.5,1402.8,1402.5,1402.6,8
1791173220,1402.6,1402.6,1402.6,1402.6,0
1791173280,1402.5,1402.6,1402.3,1402.5,6
1791173340,1402.6,1402.6,1402.5,1402.6,3
1791173400,1402.6,1402.6,1402.6,1402.6,2
1791173460,1402.3,1402.3,1402.3,1402.3,1
1791173520,1402.2,1402.2,1402.0,1402.0,8
1791173580,1402.1,1402.1,1402.0,1402.0,9
1791173640,1402.0,1402.0,1401.75,1401.75,2
1791173700,1401.75,1401.8,1401.55,1401.75,14
1791173760,1401.75,1401.75,1401.75,1401.75,1
1791173820,1401.7,1401.7,1401.0,1401.45,26
1791173880,1401.0,1401.2,1400.75,1401.05,10
1791173940,1400.75,1401.2,1400.75,1401.2,13
1791174000,1401.3,1401.6,1401.3,1401.3,4
1791174060,1401.3,1401.4,1401.3,1401.4,3
1791174120,1401.4,1401.4,1401.25,1401.25,4
1791174180,1401.2,1401.2,1401.1,1401.1,4
1791174240,1401.0,1401.2,1401.0,1401.2,3
1791174300,1401.2,1401.5,1401.2,1401.5,9
1791174360,1401.5,1401.5,1400.65,1400.65,9
1791174420,1400.95,1400.95,1400.7,1400.95,5
1791174480,1400.6,1400.6,1400.1,1400.1,12
1791174540,1400.3,1400.3,1400.1,1400.2,4
1791174600,1400.05,1400.6,1400.0,1400.6,9
1791174660,1400.6,1400.6,1400.4,1400.4,3
1791174720,1400.4,1400.4,1400.4,1400.4,0
1791174780,1400.4,1400.4,1400.4,1400.4,1
1791174840,1400.75,1400.75,1400.75,1400.75,1
1791174900,1400.4,1400.5,1400.0,1400.1,15
1791174960,1400.5,1400.9,1400.5,1400.85,4
1791175020,1400.85,1400.85,1400.85,1400.85,1
1791175080,1401.0,1401.0,1401.0,1401.0,1
1791175140,1401.0,1401.15,1401.0,1401.15,2
1791175200,1401.3,1401.3,1401.3,1401.3,2
1791175260,1401.05,1401.45,1401.05,1401.45,3
1791175320,1401.45,1401.45,1401.45,1401.45,0
1791175380,1401.45,1401.45,1401.45,1401.45,0
1791175440,1401.15,1401.15,1400.8,1400.8,7
1791175500,1400.75,1400.75,1400.75,1400.75,2
1791175560,1400.8,1401.0,1400.8,1401.0,6
1791175620,1401.0,1401.0,1401.0,1401.0,5
1791175680,1401.0,1401.2,1401.0,1401.2,3
1791175740,1401.2,1401.2,1401.2,1401.2,0
1791175800,1401.2,1401.2,1401.2,1401.2,1
1791175860,1401.0,1401.0,1401.0,1401.0,1
1791175920,1401.0,1401.0,1401.0,1401.0,0
1791175980,1400.95,1400.95,1400.95,1400.95,1
1791176040,1400.95,1400.95,1400.95,1400.95,0
1791176100,1400.5,1400.6,1400.5,1400.6,3
1791176160,1400.55,1400.55,1400.5,1400.5,4
1791176220,1400.5,1400.5,1400.5,1400.5,1
1791176280,1400.5,1400.5,1400.5,1400.5,0
1791176340,1400.5,1400.5,1400.5,1400.5,0
1791176400,1400.6,1400.6,1400.6,1400.6,2
1791176460,1400.6,1400.6,1400.6,1400.6,0
1791176520,1400.55,1400.55,1400.55,1400.55,2
1791176580,1400.35,1400.35,1400.0,1400.05,10
1791176640,1400.0,1400.2,1400.0,1400.2,7
1791176700,1400.2,1400.55,1400.2,1400.55,10
1791176760,1400.3,1400.45,1400.25,1400.45,3
1791176820,1400.85,1400.85,1400.85,1400.85,1
1791176880,1400.95,1400.95,1400.6,1400.6,2
1791176940,1400.6,1400.6,1400.6,1400.6,0
1791177000,1400.6,1400.6,1400.6,1400.6,1
1791177060,1400.5,1400.5,1400.5,1400.5,1
1791177120,1400.5,1400.75,1400.45,1400.5,4
1791177180,1400.5,1400.5,1400.5,1400.5,2
1791177240,1400.3,1400.3,1400.3,1400.3,1
1791177300,1400.3,1400.3,1400.3,1400.3,1
1791177360,1400.3,1400.3,1400.3,1400.3,0
1791177420,1400.35,1400.35,1400.35,1400.35,1
1791177480,1400.35,1400.35,1400.35,1400.35,0
1791177540,1400.35,1400.35,1400.35,1400.35,0
1791177600,1400.5,1400.7,1400.5,1400.7,2
1791177660,1400.9,1401.4,1400.9,1401.4,18
1791177720,1401.45,1401.7,1401.0,1401.0,18
1791177780,1401.2,1401.3,1401.2,1401.2,6
1791177840,1401.0,1401.0,1400.95,1400.95,3
1791177900,1400.95,1400.95,1400.95,1400.95,0
1791177960,1400.95,1400.95,1400.95,1400.95,0
1791178020,1400.95,1400.95,1400.95,1400.95,0
1791178080,1400.95,1400.95,1400.95,1400.95,0
1791178140,1400.95,1400.95,1400.95,1400.95,0
1791178200,1400.5,1400.5,1400.4,1400.4,3
1791178260,1400.4,1400.4,1400.0,1400.4,6
1791178320,1400.4,1400.4,1400.0,1400.25,4
1791178380,1400.45,1400.6,1400.45,1400.6,2
1791178440,1400.6,1400.6,1400.6,1400.6,0
1791178500,1400.4,1400.4,1400.4,1400.4,9
1791178560,1400.8,1401.2,1400.8,1401.2,6
1791178620,1400.8,1400.8,1400.8,1400.8,2
1791178680,1400.8,1400.8,1400.8,1400.8,0
1791178740,1400.6,1400.9,1400.55,1400.9,7
1791178800,1400.5,1400.5,1400.5,1400.5,12
1791178860,1400.4,1401.4,1400.4,1401.4,24
1791178920,1401.5,1401.95,1401.5,1401.6,13
1791178980,1401.55,1401.55,1401.55,1401.55,2
1791179040,1401.55,1401.55,1401.55,1401.55,0
1791179100,1401.7,1401.8,1401.55,1401.8,9
1791179160,1401.95,1401.95,1401.95,1401.95,1
1791179220,1401.8,1401.8,1401.8,1401.8,2
1791179280,1401.55,1401.8,1401.55,1401.8,3
1791179340,1401.75,1401.75,1401.75,1401.75,1
1791179400,1401.6,1401.6,1401.6,1401.6,1
1791179460,1401.6,1401.6,1401.6,1401.6,0
1791179520,1401.7,1401.7,1401.5,1401.5,2
1791179580,1401.5,1401.5,1401.5,1401.5,1
1791179640,1401.35,1401.35,1400.7,1400.7,8
1791179700,1400.7,1400.7,1400.7,1400.7,0
1791179760,1400.5,1400.5,1400.5,1400.5,1
1791179820,1400.85,1400.85,1400.85,1400.85,1
1791179880,1400.85,1400.85,1400.85,1400.85,0
1791179940,1401.2,1401.2,1401.2,1401.2,1
1791180000,1401.15,1401.45,1401.15,1401.45,3
1791180060,1401.7,1401.75,1401.7,1401.7,4
1791180120,1401.75,1401.75,1401.75,1401.75,1
1791180180,1401.75,1401.75,1401.75,1401.75,2
1791180240,1401.85,1401.85,1401.55,1401.55,2
1791180300,1401.35,1401.35,1401.35,1401.35,1
1791180360,1401.55,1402.05,1401.55,1402.05,11
1791180420,1402.05,1402.4,1402.05,1402.2,7
1791180480,1402.4,1402.7,1401.35,1401.55,36
1791180540,1401.5,1402.3,1401.2,1402.3,19
1791180600,1402.65,1402.65,1402.35,1402.5,3
1791180660,1402.75,1403.0,1402.6,1402.6,22
1791180720,1402.6,1403.0,1402.6,1403.0,17
1791180780,1403.35,1403.65,1403.2,1403.2,51
1791180840,1403.2,1403.7,1403.2,1403.4,13
1791180900,1403.4,1403.8,1403.4,1403.8,14
1791180960,1403.75,1404.4,1403.6,1403.65,45
1791181020,1403.5,1403.65,1403.15,1403.15,10
1791181080,1403.25,1403.6,1403.25,1403.6,6
1791181140,1403.8,1403.8,1403.25,1403.25,7
1791181200,1403.15,1403.15,1402.6,1402.6,21
1791181260,1402.5,1402.5,1402.5,1402.5,2
1791181320,1402.5,1404.0,1402.5,1404.0,45
1791181380,1403.6,1403.9,1403.5,1403.5,9
1791181440,1404.0,1404.0,1404.0,1404.0,8
1791181500,1404.0,1404.0,1403.7,1403.7,3
1791181560,1403.7,1403.7,1403.0,1403.55,11
1791181620,1402.8,1403.4,1402.8,1403.4,10
1791181680,1402.95,1403.5,1402.95,1403.5,3
1791181740,1403.5,1403.5,1403.5,1403.5,0
1791181800,1403.5,1403.85,1403.1,1403.1,14
1791181860,1403.2,1403.2,1403.2,1403.2,1
1791181920,1403.35,1403.35,1403.35,1403.35,1
1791181980,1403.45,1403.45,1403.45,1403.45,1
1791182040,1403.5,1403.5,1403.0,1403.0,7
1791182100,1403.0,1403.15,1403.0,1403.15,7
1791182160,1403.7,1403.7,1403.2,1403.2,15
1791182220,1403.2,1403.2,1403.0,1403.0,15
1791182280,1403.0,1403.0,1402.7,1402.7,7
1791182340,1402.65,1402.65,1402.55,1402.6,5
1791182400,1402.7,1402.75,1402.7,1402.75,2
1791182460,1402.65,1402.65,1402.6,1402.6,8
1791182520,1402.6,1402.6,1402.55,1402.55,2
1791182580,1403.1,1403.1,1403.1,1403.1,3
1791182640,1403.1,1403.1,1403.0,1403.0,2
1791182700,1402.8,1402.8,1402.8,1402.8,1
1791182760,1402.8,1402.8,1402.8,1402.8,1
1791182820,1402.6,1402.6,1402.15,1402.2,12
1791182880,1402.2,1402.2,1402.2,1402.2,3
1791182940,1402.3,1402.3,1402.3,1402.3,1
1791183000,1402.3,1402.3,1402.3,1402.3,0
1791183060,1402.35,1402.35,1402.35,1402.35,1
1791183120,1402.35,1402.35,1402.35,1402.35,2
1791183180,1402.35,1402.35,1402.35,1402.35,0
1791183240,1402.7,1402.7,1402.35,1402.35,3
1791183300,1402.85,1402.85,1402.85,1402.85,4
1791183360,1402.85,1403.0,1402.85,1403.0,6
1791183420,1402.8,1402.8,1402.8,1402.8,1
1791183480,1402.8,1403.0,1402.8,1403.0,4
1791183540,1403.5,1403.5,1403.2,1403.2,6
1791183600,1402.2,1402.2,1402.0,1402.0,10
1791183660,1401.8,1401.8,1401.35,1401.4,26
1791183720,1401.45,1401.8,1401.25,1401.8,10
1791183780,1401.2,1401.5,1401.2,1401.5,4
1791183840,1401.75,1401.95,1401.75,1401.95,7
1791183900,1402.1,1402.4,1402.1,1402.25,11
1791183960,1402.4,1402.4,1402.4,1402.4,1
1791184020,1402.25,1402.25,1402.25,1402.25,3
1791184080,1402.5,1402.5,1402.5,1402.5,1
1791184140,1402.75,1402.75,1402.75,1402.75,5
1791184200,1402.4,1402.65,1402.4,1402.65,3
1791184260,1402.8,1403.05,1402.8,1403.05,5
1791184320,1403.0,1403.5,1403.0,1403.5,8
1791184380,1403.35,1403.75,1403.2,1403.2,8
1791184440,1403.35,1403.35,1403.3,1403.3,2
1791184500,1403.3,1403.4,1403.2,1403.4,3
1791184560,1403.0,1403.4,1403.0,1403.4,3
1791184620,1403.6,1403.65,1403.3,1403.35,11
1791184680,1403.35,1403.35,1403.35,1403.35,0
1791184740,1403.0,1403.0,1402.7,1402.7,2
1791184800,1402.45,1402.45,1402.45,1402.45,1
1791184860,1402.45,1402.45,1402.45,1402.45,0
1791184920,1402.75,1402.75,1402.75,1402.75,2
1791184980,1402.5,1402.5,1402.45,1402.45,4
1791185040,1402.45,1402.45,1402.0,1402.0,5
1791185100,1401.85,1402.2,1401.55,1402.2,19
1791185160,1402.2,1402.3,1402.2,1402.3,3
1791185220,1402.0,1402.0,1402.0,1402.0,1
1791185280,1402.85,1402.85,1402.3,1402.6,3
1791185340,1402.6,1402.6,1402.6,1402.6,1
1791185400,1402.6,1402.6,1402.6,1402.6,0
1791185460,1402.6,1402.6,1402.6,1402.6,0
1791185520,1402.65,1402.65,1402.65,1402.65,2
1791185580,1402.85,1402.85,1402.7,1402.7,2
1791185640,1403.15,1403.15,1403.15,1403.15,1
1791185700,1402.95,1402.95,1402.95,1402.95,1
1791185760,1402.9,1403.0,1402.65,1402.65,6
1791185820,1402.75,1402.75,1402.75,1402.75,1
1791185880,1402.75,1402.75,1402.75,1402.75,1
1791186120,1403.3,1403.3,1403.3,1403.3,1712
1791186180,1403.3,1403.5,1403.25,1403.25,1715
1791186240,1403.25,1403.4,1403.25,1403.4,1718
1791186300,1403.4,1404,1403.4,1403.8,1752
1791186360,1403.8,1403.8,1403.4,1403.4,1758
1791186420,1403.4,1404.1,1403.4,1404,1768
1791186480,1404,1404,1403.5,1403.7,1779
1791186540,1403.7,1403.75,1403.05,1403.1,1797
1791186600,1403.1,1403.15,1403.1,1403.15,1801
1791186720,1403.5,1403.5,1403.5,1403.5,1816
1791186780,1403.5,1403.75,1403.5,1403.6,1819
1791186840,1403.6,1403.65,1403.6,1403.65,1825
1791186900,1403.65,1403.65,1403.35,1403.35,1836
1791186960,1403.35,1403.6,1403.35,1403.6,1841
1791187020,1403.6,1403.7,1403.15,1403.7,1848
1791187080,1403.7,1403.7,1403.25,1403.25,1851
1791187140,1403.25,1403.25,1403.25,1403.25,1851
1791187200,1403.25,1403.4,1403.1,1403.15,1859
1791187260,1403.15,1403.7,1403.15,1403.7,1862
1791188220,1405.9,1405.9,1405.1,1405.1,2112
1791188280,1405.1,1405.65,1405,1405.65,2120
1791188340,1405.65,1405.8,1405.2,1405.8,2134
1791188400,1405.8,1405.8,1405.15,1405.15,2143
1791188460,1405.15,1405.8,1405.15,1405.45,2163
