Timestamp,Open,High,Low,Close,Volume
1791171900,147490.0,147490.0,147490.0,147490.0,2
1791171960,147490.0,147490.0,147490.0,147490.0,0
1791172020,147490.0,147490.0,147490.0,147490.0,0
1791172080,147490.0,147490.0,147490.0,147490.0,0
1791172140,147238.0,147238.0,147238.0,147238.0,1
1791172200,147238.0,147238.0,147238.0,147238.0,0
1791172260,147238.0,147238.0,147238.0,147238.0,0
1791172320,147238.0,147238.0,147238.0,147238.0,0
1791172380,147238.0,147238.0,147238.0,147238.0,0
1791172440,147238.0,147238.0,147238.0,147238.0,0
1791172500,147238.0,147238.0,147238.0,147238.0,0
1791172560,147238.0,147238.0,147238.0,147238.0,0
1791172620,147238.0,147238.0,147238.0,147238.0,0
1791172680,147238.0,147238.0,147238.0,147238.0,0
1791172740,147238.0,147238.0,147238.0,147238.0,0
1791172800,147238.0,147238.0,147238.0,147238.0,0
1791172860,147238.0,147238.0,147238.0,147238.0,0
1791172920,147238.0,147238.0,147238.0,147238.0,0
1791172980,147238.0,147238.0,147238.0,147238.0,0
1791173040,147238.0,147238.0,147238.0,147238.0,0
1791173100,147238.0,147238.0,147238.0,147238.0,0
1791173160,147238.0,147238.0,147238.0,147238.0,0
1791173220,147238.0,147238.0,147238.0,147238.0,0
1791173280,147238.0,147238.0,147238.0,147238.0,0
1791173340,147238.0,147238.0,147238.0,147238.0,0
1791173400,147238.0,147238.0,147238.0,147238.0,0
1791173460,147238.0,147238.0,147238.0,147238.0,0
1791173520,147238.0,147238.0,147238.0,147238.0,0
1791173580,147238.0,147238.0,147238.0,147238.0,0
1791173640,147238.0,147238.0,147238.0,147238.0,0
1791173700,147238.0,147238.0,147238.0,147238.0,0
1791173760,147238.0,147238.0,147238.0,147238.0,0
1791173820,147238.0,147238.0,147238.0,147238.0,0
1791173880,147238.0,147238.0,147238.0,147238.0,0
1791173940,147238.0,147238.0,147238.0,147238.0,0
1791174000,147238.0,147238.0,147238.0,147238.0,0
1791174060,147238.0,147238.0,147238.0,147238.0,0
1791174120,147238.0,147238.0,147238.0,147238.0,0
1791174180,147238.0,147238.0,147238.0,147238.0,0
1791174240,147238.0,147238.0,147238.0,147238.0,0
1791174300,147238.0,147238.0,147238.0,147238.0,0
1791174360,147238.0,147238.0,147238.0,147238.0,0
1791174420,147000.0,147000.0,147000.0,147000.0,1
1791174480,147000.0,147000.0,147000.0,147000.0,0
1791174540,146700.0,146700.0,146700.0,146700.0,3
1791174600,146700.0,146700.0,146700.0,146700.0,0
1791174660,146700.0,146700.0,146700.0,146700.0,0
1791174720,146700.0,146700.0,146700.0,146700.0,0
1791174780,146700.0,146700.0,146700.0,146700.0,0
1791174840,146700.0,146700.0,146700.0,146700.0,0
1791174900,146700.0,146700.0,146700.0,146700.0,0
1791174960,146700.0,146700.0,146700.0,146700.0,0
1791175020,146700.0,146700.0,146700.0,146700.0,0
1791175080,146700.0,146700.0,146700.0,146700.0,0
1791175140,146700.0,146700.0,146700.0,146700.0,0
1791175200,146700.0,146700.0,146700.0,146700.0,0
1791175260,146700.0,146700.0,146700.0,146700.0,0
1791175320,146700.0,146700.0,146700.0,146700.0,0
1791175380,146700.0,146700.0,146700.0,146700.0,0
1791175440,146700.0,146700.0,146700.0,146700.0,0
1791175500,146700.0,146700.0,146700.0,146700.0,0
1791175560,146700.0,146700.0,146700.0,146700.0,0
1791175620,146700.0,146700.0,146700.0,146700.0,0
1791175680,146700.0,146700.0,146700.0,146700.0,0
1791175740,146700.0,146700.0,146700.0,146700.0,0
1791175800,146700.0,146700.0,146700.0,146700.0,0
1791175860,146700.0,146700.0,146700.0,146700.0,0
1791175920,146700.0,146700.0,146700.0,146700.0,0
1791175980,146700.0,146700.0,146700.0,146700.0,0
1791176040,146700.0,146700.0,146700.0,146700.0,0
1791176100,146700.0,146700.0,146700.0,146700.0,0
1791176160,146700.0,146700.0,146700.0,146700.0,0
1791176220,146700.0,146700.0,146700.0,146700.0,0
1791176280,146700.0,146700.0,146700.0,146700.0,0
1791176340,146700.0,146700.0,146700.0,146700.0,0
1791176400,146700.0,146700.0,146700.0,146700.0,0
1791176460,146700.0,146700.0,146700.0,146700.0,0
1791176520,146700.0,146700.0,146700.0,146700.0,0
1791176580,146700.0,146700.0,146700.0,146700.0,0
1791176640,146700.0,146700.0,146700.0,146700.0,0
1791176700,146700.0,146700.0,146700.0,146700.0,0
1791176760,146700.0,146700.0,146700.0,146700.0,0
1791176820,146700.0,146700.0,146700.0,146700.0,0
1791176880,146700.0,146700.0,146700.0,146700.0,0
1791176940,146700.0,146700.0,146700.0,146700.0,0
1791177000,146700.0,146700.0,146700.0,146700.0,0
1791177060,146700.0,146700.0,146700.0,146700.0,0
1791177120,146700.0,146700.0,146700.0,146700.0,0
1791177180,146700.0,146700.0,146700.0,146700.0,0
1791177240,146700.0,146700.0,146700.0,146700.0,0
1791177300,146700.0,146700.0,146700.0,146700.0,0
1791177360,146700.0,146700.0,146700.0,146700.0,0
1791177420,146700.0,146700.0,146700.0,146700.0,0
1791177480,146700.0,146700.0,146700.0,146700.0,0
1791177540,146700.0,146700.0,146700.0,146700.0,0
1791177600,146700.0,146700.0,146700.0,146700.0,0
1791177660,146700.0,146700.0,146700.0,146700.0,0
1791177720,146700.0,146700.0,146700.0,146700.0,0
1791177780,146700.0,146700.0,146700.0,146700.0,0
1791177840,146700.0,146700.0,146700.0,146700.0,0
1791177900,146700.0,146700.0,146700.0,146700.0,0
1791177960,146700.0,146700.0,146700.0,146700.0,0
1791178020,146700.0,146700.0,146700.0,146700.0,0
1791178080,146700.0,146700.0,146700.0,146700.0,0
1791178140,146700.0,146700.0,146700.0,146700.0,0
1791178200,146700.0,146700.0,146700.0,146700.0,0
1791178260,146700.0,146700.0,146700.0,146700.0,0
1791178320,146700.0,146700.0,146700.0,146700.0,0
1791178380,146700.0,146700.0,146700.0,146700.0,0
1791178440,146700.0,146700.0,146700.0,146700.0,0
1791178500,146700.0,146700.0,146700.0,146700.0,0
1791178560,146700.0,146700.0,146700.0,146700.0,0
1791178620,146700.0,146700.0,146700.0,146700.0,0
1791178680,146700.0,146700.0,146700.0,146700.0,0
1791178740,146700.0,146700.0,146700.0,146700.0,0
1791178800,146700.0,146700.0,146700.0,146700.0,0
1791178860,146700.0,146700.0,146700.0,146700.0,0
1791178920,146700.0,146700.0,146700.0,146700.0,0
1791178980,146700.0,146700.0,146700.0,146700.0,0
1791179040,146700.0,146700.0,146700.0,146700.0,0
1791179100,146700.0,146700.0,146700.0,146700.0,0
1791179160,146700.0,146700.0,146700.0,146700.0,0
1791179220,146700.0,146700.0,146700.0,146700.0,0
1791179280,146700.0,146700.0,146700.0,146700.0,0
1791179340,146700.0,146700.0,146700.0,146700.0,0
1791179400,146700.0,146700.0,146700.0,146700.0,0
1791179460,146700.0,146700.0,146700.0,146700.0,0
1791179520,146700.0,146700.0,146700.0,146700.0,0
1791179580,146700.0,146700.0,146700.0,146700.0,0
1791179640,146700.0,146700.0,146700.0,146700.0,0
1791179700,146750.0,146750.0,146750.0,146750.0,1
1791179760,146750.0,146750.0,146750.0,146750.0,0
1791179820,146750.0,146750.0,146750.0,146750.0,0
1791179880,146750.0,146750.0,146750.0,146750.0,0
1791179940,146750.0,146750.0,146750.0,146750.0,0
1791180000,146750.0,146750.0,146750.0,146750.0,0
1791180060,146750.0,146750.0,146750.0,146750.0,0
1791180120,146750.0,146750.0,146750.0,146750.0,0
1791180180,146750.0,146750.0,146750.0,146750.0,0
1791180240,146750.0,146750.0,146750.0,146750.0,0
1791180300,146750.0,146750.0,146750.0,146750.0,0
1791180360,146750.0,146750.0,146750.0,146750.0,0
1791180420,146750.0,146750.0,146750.0,146750.0,0
1791180480,146750.0,146750.0,146750.0,146750.0,0
1791180540,146750.0,146750.0,146750.0,146750.0,0
1791180600,146750.0,146750.0,146750.0,146750.0,0
1791180660,146750.0,146750.0,146750.0,146750.0,0
1791180720,146750.0,146750.0,146750.0,146750.0,0
1791180780,146798.0,146798.0,146798.0,146798.0,1
1791180840,147107.0,147107.0,147107.0,147107.0,1
1791180900,147107.0,147107.0,147107.0,147107.0,0
1791180960,147107.0,147107.0,147107.0,147107.0,0
1791181020,147107.0,147107.0,147107.0,147107.0,0
1791181080,147107.0,147107.0,147107.0,147107.0,0
1791181140,147350.0,147369.0,147348.0,147360.0,4
1791181200,147360.0,147360.0,147360.0,147360.0,0
1791181260,147360.0,147360.0,147360.0,147360.0,0
1791181320,147360.0,147360.0,147360.0,147360.0,0
1791181380,147360.0,147360.0,147360.0,147360.0,0
1791181440,147360.0,147360.0,147360.0,147360.0,0
1791181500,147360.0,147360.0,147360.0,147360.0,0
1791181560,147360.0,147360.0,147360.0,147360.0,0
1791181620,147360.0,147360.0,147360.0,147360.0,0
1791181680,147360.0,147360.0,147360.0,147360.0,0
1791181740,147350.0,147350.0,147350.0,147350.0,1
1791181800,147350.0,147350.0,147350.0,147350.0,3
1791181860,147370.0,147370.0,147369.0,147369.0,2
1791181920,147500.0,147502.0,147500.0,147502.0,2
1791181980,147502.0,147502.0,147502.0,147502.0,0
1791182040,147502.0,147502.0,147502.0,147502.0,0
1791182100,147502.0,147502.0,147502.0,147502.0,0
1791182160,147502.0,147502.0,147502.0,147502.0,0
1791182220,147502.0,147502.0,147502.0,147502.0,0
1791182280,147502.0,147502.0,147502.0,147502.0,0
1791182340,147502.0,147502.0,147502.0,147502.0,0
1791182400,147502.0,147502.0,147502.0,147502.0,0
1791182460,147502.0,147502.0,147502.0,147502.0,0
1791182520,147502.0,147502.0,147502.0,147502.0,0
1791182580,147502.0,147502.0,147502.0,147502.0,0
1791182640,147502.0,147502.0,147502.0,147502.0,0
1791182700,147502.0,147502.0,147502.0,147502.0,0
1791182760,147502.0,147502.0,147502.0,147502.0,0
1791182820,147502.0,147502.0,147502.0,147502.0,0
1791182880,147502.0,147502.0,147502.0,147502.0,0
1791182940,147502.0,147502.0,147502.0,147502.0,0
1791183000,147502.0,147502.0,147502.0,147502.0,0
1791183060,147502.0,147502.0,147502.0,147502.0,0
1791183120,147502.0,147502.0,147502.0,147502.0,0
1791183180,147502.0,147502.0,147502.0,147502.0,0
1791183240,147502.0,147502.0,147502.0,147502.0,0
1791183300,147502.0,147502.0,147502.0,147502.0,0
1791183360,147502.0,147502.0,147502.0,147502.0,0
1791183420,147502.0,147502.0,147502.0,147502.0,0
1791183480,147502.0,147502.0,147502.0,147502.0,0
1791183540,147502.0,147502.0,147502.0,147502.0,0
1791183600,147502.0,147502.0,147502.0,147502.0,0
1791183660,147502.0,147502.0,147502.0,147502.0,0
1791183720,147502.0,147502.0,147502.0,147502.0,0
1791183780,147502.0,147502.0,147502.0,147502.0,0
1791183840,147502.0,147502.0,147502.0,147502.0,0
1791183900,147502.0,147502.0,147502.0,147502.0,0
1791183960,147502.0,147502.0,147502.0,147502.0,0
1791184020,147502.0,147502.0,147502.0,147502.0,0
1791184080,147502.0,147502.0,147502.0,147502.0,0
1791184140,147502.0,147502.0,147502.0,147502.0,0
1791184200,147502.0,147502.0,147502.0,147502.0,0
1791184260,147502.0,147502.0,147502.0,147502.0,0
1791184320,147502.0,147502.0,147502.0,147502.0,0
1791184380,147502.0,147502.0,147502.0,147502.0,0
1791184440,147502.0,147502.0,147502.0,147502.0,0
1791184500,147502.0,147502.0,147502.0,147502.0,0
1791184560,147502.0,147502.0,147502.0,147502.0,0
1791184620,147502.0,147502.0,147502.0,147502.0,0
1791184680,147502.0,147502.0,147502.0,147502.0,0
1791184740,147502.0,147502.0,147502.0,147502.0,0
1791184800,147502.0,147502.0,147502.0,147502.0,0
1791184860,147502.0,147502.0,147502.0,147502.0,0
1791184920,147502.0,147502.0,147502.0,147502.0,0
1791184980,147502.0,147502.0,147502.0,147502.0,0
1791185040,147502.0,147502.0,147502.0,147502.0,0
1791185100,147502.0,147502.0,147502.0,147502.0,0
1791185160,147502.0,147502.0,147502.0,147502.0,0
1791185220,147502.0,147502.0,147502.0,147502.0,0
1791185280,147502.0,147502.0,147502.0,147502.0,0
1791185340,147502.0,147502.0,147502.0,147502.0,0
1791185400,147502.0,147502.0,147502.0,147502.0,0
1791185460,147502.0,147502.0,147502.0,147502.0,0
1791185520,147502.0,147502.0,147502.0,147502.0,0
1791185580,147502.0,147502.0,147502.0,147502.0,0
1791185640,147502.0,147502.0,147502.0,147502.0,0
1791185700,147502.0,147502.0,147502.0,147502.0,0
1791185760,147502.0,147502.0,147502.0,147502.0,0
1791185820,147502.0,147502.0,147502.0,147502.0,0
1791185880,147502.0,147502.0,147502.0,147502.0,0
1791186120,149760,149827,149760,149827,2369
1791186180,149827,149827,149773,149773,2374
1791186240,149773,149824,149773,149824,2385
1791186300,149824,150010,149824,149964,2442
1791186360,149964,149964,149865,149871,2450
1791186420,149871,149905,149852,149852,2463
1791186480,149852,149913,149852,149875,2486
1791186540,149875,149875,149870,149875,2488
1791186600,149875,149885,149875,149885,2490
1791186720,149922,149999,149922,149983,2514
1791186780,149983,149998,149980,149998,2517
1791186840,149998,149998,149950,149950,2525
1791186900,149950,149950,149917,149917,2526
1791186960,149917,149949,149917,149949,2527
1791187020,149949,149949,149882,149940,2533
1791187080,149940,149940,149910,149940,2537
1791187140,149940,149940,149940,149940,2540
1791187200,149940,149940,149938,149940,2544
1791187260,149940,150000,149940,150000,2561
1791188220,150200,150200,150088,150088,2634
1791188280,150088,150139,150088,150139,2639
1791188340,150139,150139,150139,150139,2640
1791188400,150139,150139,150077,150077,2647
1791188460,150077,150077,150077,150077,2647
