Timestamp,Open,High,Low,Close,Volume
1791171000,292.9,293.0,291.9,292.2,1182
1791171060,292.2,292.5,292.1,292.2,583
1791171120,292.1,292.4,292.1,292.2,388
1791171180,292.3,292.5,292.2,292.3,398
1791171240,292.5,292.6,292.4,292.5,379
1791171300,292.5,292.6,292.5,292.6,171
1791171360,292.5,292.6,292.4,292.5,367
1791171420,292.5,292.6,292.4,292.4,126
1791171480,292.4,292.5,292.4,292.4,135
1791171540,292.4,292.4,292.2,292.4,172
1791171600,292.4,292.5,292.3,292.3,115
1791171660,292.3,292.5,292.3,292.4,172
1791171720,292.4,292.6,292.4,292.6,343
1791171780,292.5,292.6,292.4,292.4,90
1791171840,292.5,292.7,292.4,292.4,231
1791171900,292.5,292.6,292.4,292.5,124
1791171960,292.5,292.6,292.5,292.5,41
1791172020,292.5,292.6,292.5,292.5,20
1791172080,292.6,292.6,292.5,292.5,85
1791172140,292.5,292.6,292.4,292.5,291
1791172200,292.5,292.6,292.4,292.6,194
1791172260,292.5,292.6,292.5,292.5,64
1791172320,292.4,292.5,292.3,292.4,61
1791172380,292.3,292.6,292.3,292.5,102
1791172440,292.4,292.8,292.4,292.7,218
1791172500,292.7,292.7,292.6,292.6,66
1791172560,292.6,292.7,292.5,292.7,39
1791172620,292.5,292.6,292.5,292.6,24
1791172680,292.4,292.5,292.4,292.5,71
1791172740,292.5,292.5,292.4,292.5,51
1791172800,292.5,292.6,292.4,292.5,80
1791172860,292.5,292.7,292.4,292.7,123
1791172920,292.7,292.7,292.5,292.6,17
1791172980,292.6,292.7,292.5,292.5,60
1791173040,292.6,292.7,292.5,292.7,54
1791173100,292.5,292.7,292.5,292.7,24
1791173160,292.5,292.7,292.5,292.5,51
1791173220,292.7,292.7,292.6,292.7,54
1791173280,292.4,292.6,292.4,292.4,58
1791173340,292.5,292.5,292.3,292.3,30
1791173400,292.5,292.5,292.4,292.5,38
1791173460,292.5,292.6,292.4,292.5,21
1791173520,292.6,292.6,292.4,292.4,50
1791173580,292.4,292.5,292.4,292.4,44
1791173640,292.5,292.5,292.4,292.4,27
1791173700,292.4,292.4,292.4,292.4,8
1791173760,292.4,292.5,292.3,292.3,89
1791173820,292.2,292.3,292.2,292.2,16
1791173880,292.2,292.3,292.2,292.3,18
1791173940,292.3,292.4,292.3,292.4,13
1791174000,292.4,292.4,292.3,292.3,7
1791174060,292.3,292.4,292.3,292.4,5
1791174120,292.3,292.3,292.3,292.3,18
1791174180,292.4,292.4,292.3,292.4,47
1791174240,292.4,292.5,292.4,292.4,9
1791174300,292.4,292.4,292.3,292.3,32
1791174360,292.3,292.5,292.3,292.5,36
1791174420,292.4,292.5,292.3,292.5,93
1791174480,292.5,292.5,292.3,292.4,25
1791174540,292.5,292.6,292.4,292.6,110
1791174600,292.7,292.7,292.5,292.5,143
1791174660,292.6,292.7,292.5,292.7,29
1791174720,292.7,292.7,292.6,292.7,67
1791174780,292.6,292.7,292.5,292.7,71
1791174840,292.6,292.7,292.3,292.4,53
1791174900,292.4,292.5,292.4,292.4,31
1791174960,292.5,292.6,292.4,292.5,13
1791175020,292.5,292.6,292.5,292.6,23
1791175080,292.6,292.6,292.5,292.5,31
1791175140,292.5,292.6,292.5,292.6,22
1791175200,292.5,292.6,292.5,292.6,11
1791175260,292.5,292.6,292.5,292.5,12
1791175320,292.5,292.6,292.4,292.4,35
1791175380,292.5,292.5,292.5,292.5,2
1791175440,292.5,292.6,292.5,292.6,9
1791175500,292.5,292.7,292.5,292.7,120
1791175560,292.6,292.7,292.6,292.6,43
1791175620,292.5,292.6,292.5,292.5,21
1791175680,292.6,292.6,292.6,292.6,16
1791175740,292.5,292.6,292.5,292.6,12
1791175800,292.6,292.6,292.6,292.6,2
1791175860,292.6,292.7,292.5,292.5,9
1791175920,292.5,292.7,292.5,292.5,8
1791175980,292.5,292.7,292.5,292.7,36
1791176040,292.6,292.6,292.6,292.6,3
1791176100,292.5,292.7,292.5,292.6,14
1791176160,292.6,292.6,292.5,292.6,41
1791176220,292.4,292.4,292.4,292.4,72
1791176280,292.3,292.4,292.3,292.3,58
1791176340,292.3,292.4,292.3,292.4,24
1791176400,292.4,292.4,292.3,292.4,8
1791176460,292.5,292.5,292.4,292.4,10
1791176520,292.5,292.5,292.4,292.5,16
1791176580,292.4,292.5,292.4,292.4,10
1791176640,292.5,292.5,292.4,292.4,38
1791176700,292.3,292.5,292.3,292.5,12
1791176760,292.5,292.5,292.4,292.4,16
1791176820,292.5,292.5,292.4,292.4,21
1791176880,292.5,292.5,292.3,292.3,11
1791176940,292.3,292.4,292.3,292.3,10
1791177000,292.3,292.3,292.2,292.2,81
1791177060,292.2,292.3,292.1,292.2,110
1791177120,292.2,292.2,292.1,292.1,8
1791177180,292.2,292.2,292.1,292.2,13
1791177240,292.1,292.1,292.1,292.1,13
1791177300,292.1,292.1,292.0,292.0,54
1791177360,292.1,292.1,292.0,292.0,30
1791177420,292.0,292.1,292.0,292.1,38
1791177480,292.0,292.0,292.0,292.0,3
1791177540,292.0,292.2,292.0,292.2,119
1791177600,292.2,292.2,292.1,292.1,6
1791177660,292.1,292.1,292.1,292.1,13
1791177720,292.2,292.2,292.1,292.1,12
1791177780,292.2,292.3,292.2,292.3,46
1791177840,292.2,292.2,292.2,292.2,1
1791177900,292.3,292.3,292.2,292.3,9
1791177960,292.1,292.2,292.1,292.2,48
1791178020,292.2,292.2,292.2,292.2,2
1791178080,292.2,292.3,292.2,292.2,8
1791178140,292.2,292.4,292.2,292.3,19
1791178200,292.4,292.4,292.4,292.4,23
1791178260,292.4,292.5,292.4,292.4,7
1791178320,292.5,292.5,292.4,292.4,26
1791178380,292.4,292.5,292.4,292.4,4
1791178440,292.4,292.4,292.4,292.4,1
1791178500,292.4,292.4,292.4,292.4,13
1791178560,292.5,292.5,292.4,292.5,37
1791178620,292.5,292.5,292.4,292.5,23
1791178680,292.4,292.5,292.4,292.5,41
1791178740,292.5,292.5,292.4,292.5,13
1791178800,292.5,292.5,292.3,292.5,11
1791178860,292.4,292.5,292.4,292.5,11
1791178920,292.4,292.5,292.4,292.4,5
1791178980,292.3,292.3,292.2,292.3,42
1791179040,292.2,292.3,292.2,292.3,30
1791179100,292.3,292.3,292.0,292.1,72
1791179160,292.2,292.2,292.1,292.1,70
1791179220,292.1,292.1,292.1,292.1,155
1791179280,292.1,292.2,292.1,292.2,11
1791179340,292.2,292.2,292.2,292.2,0
1791179400,292.2,292.2,292.1,292.1,31
1791179460,292.1,292.3,292.1,292.2,17
1791179520,292.2,292.2,292.0,292.1,83
1791179580,292.2,292.3,292.1,292.1,236
1791179640,292.2,292.3,292.2,292.3,19
1791179700,292.3,292.4,292.2,292.4,201
1791179760,292.2,292.2,292.2,292.2,1
1791179820,292.4,292.4,292.4,292.4,8
1791179880,292.4,292.4,292.4,292.4,11
1791179940,292.3,292.4,292.2,292.2,64
1791180000,292.3,292.3,292.2,292.2,4
1791180060,292.2,292.2,292.2,292.2,3
1791180120,292.2,292.2,292.2,292.2,26
1791180180,292.2,292.2,291.8,292.0,199
1791180240,291.8,291.9,291.7,291.9,230
1791180300,291.9,291.9,291.5,291.5,56
1791180360,291.4,291.5,291.3,291.4,87
1791180420,291.4,291.5,291.3,291.4,43
1791180480,291.6,291.6,291.4,291.4,65
1791180540,291.4,291.9,291.3,291.8,370
1791180600,291.7,291.7,291.7,291.7,11
1791180660,291.5,291.5,291.4,291.4,17
1791180720,291.4,291.5,291.4,291.4,25
1791180780,291.4,291.4,291.1,291.3,104
1791180840,291.3,291.4,291.3,291.3,21
1791180900,291.3,291.4,291.3,291.4,29
1791180960,291.4,291.5,291.4,291.4,26
1791181020,291.4,291.6,291.4,291.4,39
1791181080,291.4,291.4,291.3,291.4,12
1791181140,291.3,291.7,291.3,291.6,119
1791181200,291.5,292.2,291.5,292.1,132
1791181260,292.1,292.4,292.1,292.3,75
1791181320,292.4,292.4,292.3,292.3,53
1791181380,292.4,292.4,292.2,292.3,67
1791181440,292.4,292.4,292.3,292.3,59
1791181500,292.3,292.4,292.1,292.1,98
1791181560,292.1,292.5,292.1,292.3,57
1791181620,292.4,292.5,292.4,292.4,30
1791181680,292.4,292.4,292.4,292.4,9
1791181740,292.4,292.8,292.3,292.7,535
1791181800,292.8,292.9,292.7,292.7,235
1791181860,292.7,292.8,292.6,292.8,211
1791181920,292.8,292.9,292.8,292.8,552
1791181980,292.8,292.8,292.6,292.8,40
1791182040,292.7,292.8,292.3,292.4,52
1791182100,292.5,292.7,292.4,292.4,12
1791182160,292.0,292.1,291.9,291.9,195
1791182220,291.9,292.1,291.9,292.0,31
1791182280,292.0,292.0,291.9,292.0,36
1791182340,292.1,292.2,292.1,292.2,7
1791182400,292.2,292.2,292.1,292.1,6
1791182460,292.1,292.1,291.7,291.8,78
1791182520,292.0,292.1,292.0,292.1,22
1791182580,292.1,292.2,292.1,292.2,4
1791182640,292.2,292.3,292.1,292.1,64
1791182700,292.2,292.2,292.2,292.2,12
1791182760,292.2,292.2,292.2,292.2,2
1791182820,292.2,292.2,292.2,292.2,1
1791182880,292.1,292.1,292.1,292.1,6
1791182940,292.1,292.1,291.9,292.0,20
1791183000,292.1,292.3,292.1,292.3,11
1791183060,292.3,292.3,292.0,292.0,28
1791183120,292.0,292.0,292.0,292.0,1
1791183180,291.9,292.0,291.9,292.0,28
1791183240,292.0,292.2,292.0,292.2,16
1791183300,292.2,292.2,292.1,292.1,4
1791183360,292.2,292.2,292.2,292.2,2
1791183420,292.2,292.2,292.2,292.2,13
1791183480,292.1,292.1,292.0,292.0,42
1791183540,291.8,292.1,291.8,292.1,12
1791183600,292.1,292.1,292.0,292.0,11
1791183660,291.8,291.9,291.4,291.4,82
1791183720,291.4,291.5,291.4,291.5,38
1791183780,291.6,291.7,291.5,291.7,13
1791183840,291.8,291.8,291.8,291.8,2
1791183900,292.0,292.0,291.7,291.7,25
1791183960,291.6,291.7,291.6,291.7,5
1791184020,291.7,291.8,291.7,291.8,13
1791184080,291.7,291.7,291.7,291.7,1
1791184140,291.7,291.8,291.7,291.8,5
1791184200,291.8,291.9,291.8,291.8,17
1791184260,291.8,291.8,291.8,291.8,6
1791184320,291.8,291.8,291.8,291.8,0
1791184380,292.0,292.0,292.0,292.0,2
1791184440,292.0,292.1,292.0,292.0,60
1791184500,292.0,292.2,292.0,292.2,12
1791184560,292.4,292.4,292.2,292.2,64
1791184620,292.2,292.3,292.2,292.3,40
1791184680,292.3,292.6,292.2,292.5,64
1791184740,292.4,292.5,292.4,292.4,37
1791184800,292.3,292.3,292.2,292.2,10
1791184860,292.1,292.1,291.9,291.9,5
1791184920,292.1,292.5,292.1,292.5,52
1791184980,292.5,292.5,292.3,292.3,47
1791185040,292.4,292.4,292.4,292.4,27
1791185100,292.4,292.4,292.3,292.3,27
1791185160,292.3,292.5,292.3,292.5,30
1791185220,292.3,292.4,292.2,292.2,82
1791185280,292.2,292.3,292.1,292.1,43
1791185340,292.1,292.3,292.0,292.2,65
1791185400,292.2,292.3,292.0,292.0,13
1791185460,292.2,292.5,292.0,292.3,79
1791185520,292.5,292.5,292.1,292.1,13
1791185580,292.1,292.2,292.1,292.2,18
1791185640,292.3,292.3,292.2,292.2,2
1791185700,292.2,292.2,292.0,292.1,61
1791185760,292.1,292.3,292.1,292.1,47
1791185820,292.2,292.2,292.1,292.1,23
1791185880,292.0,292.1,292.0,292.1,4
1791186120,292.6,292.6,292.6,292.6,16675
1791186180,292.6,292.6,292.5,292.6,16708
1791186240,292.6,292.6,292.4,292.4,16733
1791186300,292.4,292.4,292.2,292.2,16749
1791186360,292.2,292.3,292.2,292.3,16753
1791186420,292.3,292.3,292.3,292.3,16766
1791186480,292.3,292.5,292.3,292.5,16808
1791186540,292.5,292.5,292,292,16858
1791186600,292,292.1,292,292.1,16861
1791186720,292.1,292.1,292.1,292.1,16886
1791186780,292.1,292.3,292,292.2,16955
1791186840,292.2,292.2,292.1,292.1,16957
1791186900,292.1,292.2,292,292,16997
1791186960,292,292.1,292,292.1,17007
1791187020,292.1,292.1,292.1,292.1,17032
1791187080,292,292.3,292,292.2,17103
1791187140,292.2,292.3,292.2,292.3,17117
1791187200,292.3,292.3,292.2,292.2,17128
1791187260,292.2,292.3,292.1,292.3,17135
1791188220,293.4,293.4,293,293,19251
1791188280,293,293,292.8,293,19296
1791188340,293,293.3,293,293.3,19323
1791188400,293.3,293.5,293.3,293.5,19390
1791188460,293.5,293.5,293.2,293.3,19411
