Timestamp,Open,High,Low,Close,Volume
1791171000,225900.0,226902.0,225900.0,226393.0,83
1791171060,226315.0,226607.0,226315.0,226607.0,43
1791171120,226609.0,226609.0,226520.0,226520.0,14
1791171180,226521.0,226593.0,226521.0,226550.0,4
1791171240,226551.0,226574.0,226450.0,226574.0,17
1791171300,226562.0,226567.0,226500.0,226500.0,15
1791171360,226518.0,226518.0,226438.0,226470.0,8
1791171420,226421.0,226517.0,226340.0,226379.0,33
1791171480,226325.0,226468.0,226325.0,226468.0,8
1791171540,226405.0,226518.0,226405.0,226518.0,18
1791171600,226550.0,226599.0,226550.0,226565.0,12
1791171660,226559.0,226559.0,226372.0,226400.0,18
1791171720,226255.0,226395.0,226255.0,226350.0,20
1791171780,226247.0,226342.0,226247.0,226316.0,28
1791171840,226273.0,226350.0,226273.0,226350.0,5
1791171900,226500.0,226664.0,226479.0,226664.0,38
1791171960,226690.0,226800.0,226690.0,226800.0,39
1791172020,226800.0,226840.0,226730.0,226730.0,17
1791172080,226730.0,226751.0,226723.0,226751.0,33
1791172140,226702.0,226842.0,226702.0,226842.0,26
1791172200,226889.0,226999.0,226826.0,226904.0,29
1791172260,226950.0,226985.0,226900.0,226900.0,11
1791172320,226850.0,226900.0,226736.0,226800.0,14
1791172380,226800.0,226818.0,226726.0,226726.0,11
1791172440,226726.0,226797.0,226726.0,226797.0,7
1791172500,226901.0,226901.0,226800.0,226800.0,3
1791172560,226727.0,226794.0,226725.0,226794.0,6
1791172620,226794.0,226794.0,226713.0,226713.0,11
1791172680,226757.0,226757.0,226714.0,226714.0,3
1791172740,226715.0,226715.0,226548.0,226548.0,16
1791172800,226472.0,226711.0,226472.0,226649.0,8
1791172860,226692.0,226800.0,226692.0,226800.0,8
1791172920,226800.0,226800.0,226608.0,226771.0,11
1791172980,226750.0,226980.0,226750.0,226980.0,32
1791173040,226901.0,226915.0,226805.0,226805.0,6
1791173100,226741.0,226829.0,226741.0,226798.0,8
1791173160,226701.0,226701.0,226596.0,226596.0,5
1791173220,226658.0,226700.0,226620.0,226620.0,5
1791173280,226543.0,226600.0,226543.0,226600.0,6
1791173340,226682.0,226682.0,226561.0,226679.0,3
1791173400,226606.0,226606.0,226575.0,226575.0,3
1791173460,226501.0,226501.0,226341.0,226341.0,8
1791173520,226359.0,226382.0,226341.0,226341.0,6
1791173580,226350.0,226350.0,226321.0,226322.0,3
1791173640,226279.0,226322.0,226201.0,226201.0,8
1791173700,226201.0,226201.0,225999.0,226041.0,12
1791173760,225957.0,226050.0,225909.0,225909.0,7
1791173820,225950.0,225976.0,225944.0,225976.0,4
1791173880,225967.0,225967.0,225893.0,225893.0,9
1791173940,225949.0,226000.0,225949.0,226000.0,15
1791174000,226123.0,226162.0,225861.0,225890.0,26
1791174060,225862.0,226108.0,225862.0,226108.0,20
1791174120,226033.0,226166.0,226033.0,226074.0,6
1791174180,226092.0,226092.0,225943.0,225950.0,19
1791174240,226037.0,226088.0,226037.0,226088.0,3
1791174300,226088.0,226088.0,226088.0,226088.0,1
1791174360,226130.0,226153.0,225985.0,225985.0,12
1791174420,226029.0,226029.0,225985.0,225985.0,5
1791174480,225985.0,226026.0,225985.0,226026.0,6
1791174540,225985.0,225985.0,225835.0,225835.0,29
1791174600,225891.0,225949.0,225891.0,225949.0,3
1791174660,225950.0,225950.0,225853.0,225853.0,4
1791174720,225853.0,225900.0,225800.0,225800.0,24
1791174780,225836.0,226094.0,225836.0,226094.0,8
1791174840,226099.0,226198.0,226094.0,226189.0,7
1791174900,226131.0,226200.0,226100.0,226100.0,7
1791174960,226056.0,226320.0,226056.0,226320.0,10
1791175020,226350.0,226350.0,226187.0,226187.0,8
1791175080,226220.0,226220.0,226220.0,226220.0,1
1791175140,226220.0,226241.0,226190.0,226241.0,12
1791175200,226428.0,226428.0,226414.0,226414.0,2
1791175260,226360.0,226437.0,226360.0,226362.0,3
1791175320,226370.0,226401.0,226365.0,226365.0,4
1791175380,226381.0,226381.0,226304.0,226304.0,3
1791175440,226226.0,226377.0,226226.0,226373.0,5
1791175500,226340.0,226340.0,226340.0,226340.0,1
1791175560,226303.0,226340.0,226303.0,226340.0,3
1791175620,226300.0,226300.0,226300.0,226300.0,1
1791175680,226319.0,226319.0,226299.0,226299.0,3
1791175740,226300.0,226300.0,226300.0,226300.0,6
1791175800,226340.0,226340.0,226340.0,226340.0,2
1791175860,226340.0,226340.0,226340.0,226340.0,0
1791175920,226225.0,226225.0,226160.0,226160.0,8
1791175980,226160.0,226160.0,226048.0,226048.0,12
1791176040,226050.0,226050.0,226050.0,226050.0,1
1791176100,226050.0,226050.0,226050.0,226050.0,0
1791176160,226003.0,226017.0,226000.0,226017.0,9
1791176220,226017.0,226017.0,226017.0,226017.0,0
1791176280,226017.0,226050.0,225966.0,226050.0,7
1791176340,225951.0,225951.0,225950.0,225950.0,3
1791176400,226040.0,226064.0,226040.0,226064.0,5
1791176460,226010.0,226010.0,226010.0,226010.0,4
1791176520,225990.0,226095.0,225943.0,225943.0,9
1791176580,225948.0,226018.0,225900.0,226018.0,7
1791176640,226048.0,226048.0,225953.0,225994.0,6
1791176700,226099.0,226100.0,226099.0,226100.0,12
1791176760,226146.0,226200.0,226146.0,226200.0,3
1791176820,226225.0,226225.0,226198.0,226198.0,9
1791176880,226249.0,226249.0,226249.0,226249.0,1
1791176940,226200.0,226200.0,226162.0,226162.0,3
1791177000,226246.0,226246.0,226246.0,226246.0,1
1791177060,226249.0,226249.0,226249.0,226249.0,2
1791177120,226292.0,226292.0,226186.0,226186.0,11
1791177180,226200.0,226224.0,226200.0,226224.0,11
1791177240,226170.0,226200.0,226170.0,226200.0,10
1791177300,226210.0,226210.0,226116.0,226116.0,9
1791177360,226100.0,226100.0,226100.0,226100.0,1
1791177420,226100.0,226120.0,226044.0,226044.0,7
1791177480,226100.0,226158.0,226100.0,226149.0,7
1791177540,226146.0,226299.0,226146.0,226299.0,7
1791177600,226284.0,226284.0,226284.0,226284.0,1
1791177660,226250.0,226250.0,226250.0,226250.0,7
1791177720,226250.0,226250.0,226250.0,226250.0,3
1791177780,226233.0,226233.0,226147.0,226147.0,6
1791177840,226092.0,226092.0,226092.0,226092.0,1
1791177900,226118.0,226178.0,226118.0,226178.0,2
1791177960,226178.0,226178.0,226178.0,226178.0,0
1791178020,226075.0,226075.0,226051.0,226051.0,8
1791178080,226001.0,226001.0,226001.0,226001.0,2
1791178140,226000.0,226000.0,225955.0,225996.0,4
1791178200,225951.0,225951.0,225841.0,225870.0,21
1791178260,225870.0,225870.0,225870.0,225870.0,0
1791178320,225843.0,225937.0,225810.0,225810.0,12
1791178380,225810.0,225879.0,225800.0,225800.0,15
1791178440,225801.0,225843.0,225800.0,225843.0,9
1791178500,225800.0,225800.0,225601.0,225694.0,28
1791178560,225784.0,225915.0,225784.0,225915.0,10
1791178620,226000.0,226000.0,226000.0,226000.0,1
1791178680,225950.0,225977.0,225950.0,225950.0,3
1791178740,225991.0,225991.0,225991.0,225991.0,1
1791178800,225991.0,225991.0,225991.0,225991.0,0
1791178860,225991.0,225991.0,225991.0,225991.0,0
1791178920,226025.0,226025.0,226025.0,226025.0,1
1791178980,226025.0,226100.0,226025.0,226068.0,6
1791179040,226100.0,226100.0,226100.0,226100.0,1
1791179100,226100.0,226100.0,226100.0,226100.0,0
1791179160,226176.0,226176.0,226176.0,226176.0,5
1791179220,226175.0,226189.0,226175.0,226189.0,8
1791179280,226185.0,226255.0,226185.0,226255.0,9
1791179340,226155.0,226196.0,226143.0,226196.0,3
1791179400,226191.0,226196.0,226191.0,226196.0,2
1791179460,226202.0,226202.0,226202.0,226202.0,1
1791179520,226103.0,226178.0,226100.0,226178.0,9
1791179580,226100.0,226100.0,226100.0,226100.0,2
1791179640,226100.0,226100.0,226100.0,226100.0,0
1791179700,225902.0,225902.0,225902.0,225902.0,1
1791179760,225919.0,225919.0,225801.0,225832.0,10
1791179820,225916.0,225916.0,225916.0,225916.0,3
1791179880,225972.0,226056.0,225922.0,225969.0,18
1791179940,225942.0,226013.0,225942.0,226000.0,13
1791180000,226050.0,226285.0,226050.0,226285.0,13
1791180060,226347.0,226347.0,226305.0,226305.0,5
1791180120,226425.0,226450.0,226425.0,226450.0,25
1791180180,226503.0,226555.0,226503.0,226542.0,17
1791180240,226391.0,226407.0,226267.0,226407.0,19
1791180300,226305.0,226345.0,226216.0,226316.0,25
1791180360,226452.0,226542.0,226408.0,226477.0,8
1791180420,226567.0,226568.0,226499.0,226556.0,13
1791180480,226599.0,226680.0,226599.0,226680.0,15
1791180540,226625.0,226728.0,226625.0,226728.0,16
1791180600,226797.0,226850.0,226747.0,226850.0,20
1791180660,226851.0,226990.0,226817.0,226957.0,34
1791180720,226873.0,227000.0,226873.0,227000.0,45
1791180780,226998.0,227200.0,226948.0,227200.0,46
1791180840,227180.0,227349.0,227069.0,227069.0,32
1791180900,227149.0,227300.0,227149.0,227296.0,20
1791180960,227300.0,227402.0,227300.0,227349.0,14
1791181020,227361.0,227399.0,227230.0,227230.0,20
1791181080,227248.0,227248.0,227055.0,227112.0,23
1791181140,227123.0,227150.0,227100.0,227123.0,10
1791181200,227112.0,227112.0,226876.0,226876.0,7
1791181260,226876.0,226876.0,226876.0,226876.0,0
1791181320,226991.0,227150.0,226991.0,227150.0,15
1791181380,227150.0,227150.0,227063.0,227063.0,7
1791181440,227218.0,227363.0,227200.0,227355.0,28
1791181500,227291.0,227300.0,227291.0,227300.0,3
1791181560,227321.0,227321.0,227274.0,227298.0,3
1791181620,227267.0,227298.0,227267.0,227276.0,6
1791181680,227205.0,227275.0,227166.0,227275.0,7
1791181740,227151.0,227250.0,227151.0,227219.0,8
1791181800,227205.0,227205.0,227101.0,227110.0,24
1791181860,227185.0,227236.0,227170.0,227200.0,7
1791181920,227201.0,227288.0,227200.0,227200.0,7
1791181980,227180.0,227200.0,227116.0,227193.0,8
1791182040,227198.0,227198.0,227198.0,227198.0,1
1791182100,227101.0,227101.0,227100.0,227100.0,4
1791182160,227105.0,227179.0,227105.0,227179.0,6
1791182220,227150.0,227193.0,227150.0,227193.0,4
1791182280,227198.0,227199.0,227198.0,227199.0,5
1791182340,227050.0,227100.0,226900.0,227099.0,29
1791182400,226945.0,227031.0,226945.0,227031.0,2
1791182460,227094.0,227094.0,227094.0,227094.0,1
1791182520,227094.0,227200.0,227094.0,227200.0,10
1791182580,227230.0,227230.0,227230.0,227230.0,1
1791182640,227033.0,227033.0,227033.0,227033.0,1
1791182700,227154.0,227154.0,227154.0,227154.0,1
1791182760,227154.0,227154.0,227154.0,227154.0,0
1791182820,227050.0,227050.0,227034.0,227034.0,5
1791182880,227000.0,227000.0,226999.0,226999.0,4
1791182940,226988.0,226988.0,226900.0,226900.0,3
1791183000,226902.0,226994.0,226902.0,226980.0,6
1791183060,227000.0,227150.0,226996.0,227140.0,9
1791183120,227039.0,227039.0,227039.0,227039.0,1
1791183180,227119.0,227119.0,227119.0,227119.0,2
1791183240,227052.0,227052.0,226914.0,226914.0,4
1791183300,226963.0,226997.0,226951.0,226951.0,9
1791183360,227003.0,227003.0,227003.0,227003.0,1
1791183420,227003.0,227091.0,227003.0,227074.0,4
1791183480,227150.0,227150.0,227150.0,227150.0,1
1791183540,227180.0,227180.0,227158.0,227158.0,6
1791183600,227158.0,227158.0,227027.0,227097.0,6
1791183660,226951.0,226951.0,226951.0,226951.0,11
1791183720,226950.0,227084.0,226950.0,227000.0,18
1791183780,227000.0,227000.0,226974.0,227000.0,4
1791183840,227053.0,227100.0,227053.0,227100.0,2
1791183900,227120.0,227300.0,227120.0,227300.0,14
1791183960,227349.0,227349.0,227276.0,227276.0,7
1791184020,227260.0,227390.0,227260.0,227389.0,16
1791184080,227281.0,227391.0,227281.0,227345.0,5
1791184140,227392.0,227413.0,227392.0,227413.0,15
1791184200,227380.0,227414.0,227239.0,227239.0,7
1791184260,227210.0,227322.0,227210.0,227278.0,8
1791184320,227320.0,227450.0,227306.0,227436.0,20
1791184380,227480.0,227490.0,227224.0,227224.0,10
1791184440,227224.0,227224.0,227224.0,227224.0,0
1791184500,227224.0,227224.0,227224.0,227224.0,0
1791184560,227300.0,227300.0,227168.0,227176.0,8
1791184620,227200.0,227200.0,227200.0,227200.0,2
1791184680,227200.0,227202.0,227200.0,227202.0,2
1791184740,227206.0,227230.0,227206.0,227230.0,4
1791184800,227161.0,227162.0,227100.0,227100.0,4
1791184860,227100.0,227100.0,227100.0,227100.0,0
1791184920,227299.0,227359.0,227299.0,227359.0,3
1791184980,227200.0,227241.0,227142.0,227142.0,5
1791185040,227140.0,227280.0,227140.0,227203.0,3
1791185100,227203.0,227220.0,227203.0,227220.0,3
1791185160,227300.0,227300.0,227250.0,227250.0,4
1791185220,227250.0,227250.0,227152.0,227174.0,6
1791185280,227174.0,227174.0,227174.0,227174.0,0
1791185340,227200.0,227200.0,227174.0,227190.0,13
1791185400,227220.0,227220.0,227150.0,227190.0,11
1791185460,227190.0,227190.0,227100.0,227100.0,11
1791185520,227094.0,227140.0,227080.0,227140.0,6
1791185580,227163.0,227176.0,227093.0,227093.0,11
1791185640,227062.0,227065.0,226962.0,226962.0,15
1791185700,226920.0,227099.0,226920.0,227000.0,5
1791185760,227011.0,227082.0,226963.0,227082.0,3
1791185820,227043.0,227043.0,227021.0,227023.0,7
1791185880,227018.0,227097.0,227018.0,227097.0,4
1791186120,227251,227251,227247,227247,2442
1791186180,227247,227310,227240,227310,2447
1791186240,227310,227612,227300,227612,2504
1791186300,227612,227802,227457,227555,2552
1791186360,227555,227648,227555,227598,2556
1791186420,227598,227598,227378,227378,2567
1791186480,227378,227499,227378,227498,2576
1791186540,227498,227498,227488,227488,2578
1791186600,227488,227500,227488,227499,2582
1791186720,227891,227926,227764,227822,2642
1791186780,227822,227900,227822,227900,2655
1791186840,227900,227920,227821,227821,2668
1791186900,227821,227821,227721,227765,2675
1791186960,227765,227765,227632,227731,2697
1791187020,227735,227735,227675,227675,2702
1791187080,227675,227719,227609,227610,2742
1791187140,227610,227672,227610,227672,2743
1791187200,227672,227672,227603,227640,2755
1791187260,227640,227849,227640,227820,2775
1791188220,228050,228176,227977,228050,2991
1791188280,228050,228184,228050,228150,3003
1791188340,228150,228183,228150,228150,3014
1791188400,228150,228150,228100,228100,3015
1791188460,228100,228100,228050,228050,3035
