Timestamp,Open,High,Low,Close,Volume
2026-10-06 09:15:00,2369.10,2369.20,2349.00,2357.00,5785
2026-10-06 09:16:00,2356.80,2358.20,2354.30,2356.20,1881
2026-10-06 09:17:00,2356.00,2358.70,2356.00,2356.70,1094
2026-10-06 09:18:00,2356.80,2358.40,2356.70,2358.40,1730
2026-10-06 09:19:00,2357.60,2358.80,2357.00,2357.00,1404
2026-10-06 09:20:00,2357.20,2357.90,2355.60,2355.60,3337
2026-10-06 09:21:00,2357.40,2358.20,2356.40,2357.50,842
2026-10-06 09:22:00,2357.50,2362.00,2357.50,2360.00,857
2026-10-06 09:23:00,2361.10,2362.00,2359.70,2362.00,838
2026-10-06 09:24:00,2361.00,2363.10,2361.00,2363.00,2399
2026-10-06 09:25:00,2363.10,2367.00,2362.40,2366.50,1349
2026-10-06 09:26:00,2366.00,2367.10,2365.10,2366.70,2181
2026-10-06 09:27:00,2367.30,2367.30,2364.90,2365.30,1047
2026-10-06 09:28:00,2365.30,2366.00,2365.30,2365.30,413
2026-10-06 09:29:00,2365.70,2366.00,2365.30,2365.90,590
2026-10-06 09:30:00,2365.30,2366.50,2365.20,2366.20,696
2026-10-06 09:31:00,2365.40,2366.00,2361.20,2361.70,2174
2026-10-06 09:32:00,2361.80,2361.80,2358.50,2360.40,2293
2026-10-06 09:33:00,2360.40,2364.30,2360.40,2362.60,762
2026-10-06 09:34:00,2363.80,2364.00,2361.60,2362.00,1656
2026-10-06 09:35:00,2361.70,2362.00,2360.60,2361.70,906
2026-10-06 09:36:00,2362.00,2362.80,2360.20,2361.00,1447
2026-10-06 09:37:00,2360.20,2361.50,2360.20,2361.00,646
2026-10-06 09:38:00,2360.80,2361.70,2360.10,2361.10,360
2026-10-06 09:39:00,2360.50,2361.40,2360.20,2360.20,512
2026-10-06 09:40:00,2360.20,2362.00,2360.20,2362.00,540
2026-10-06 09:41:00,2361.50,2363.20,2361.10,2363.20,470
2026-10-06 09:42:00,2362.00,2363.00,2361.00,2362.50,1773
2026-10-06 09:43:00,2362.50,2363.20,2362.10,2363.20,519
2026-10-06 09:44:00,2363.20,2363.20,2361.50,2363.10,680
2026-10-06 09:45:00,2362.70,2362.70,2361.40,2361.40,326
2026-10-06 09:46:00,2361.80,2362.50,2361.60,2362.00,162
2026-10-06 09:47:00,2361.90,2364.00,2361.90,2363.50,1588
2026-10-06 09:48:00,2363.40,2364.00,2363.00,2363.50,493
2026-10-06 09:49:00,2363.80,2364.00,2363.10,2364.00,579
2026-10-06 09:50:00,2363.90,2364.00,2363.20,2363.80,285
2026-10-06 09:51:00,2363.20,2363.90,2363.20,2363.30,425
2026-10-06 09:52:00,2363.30,2363.30,2362.00,2362.80,901
2026-10-06 09:53:00,2362.40,2362.80,2362.00,2362.60,479
2026-10-06 09:54:00,2362.10,2364.50,2362.10,2364.50,1359
2026-10-06 09:55:00,2364.40,2367.40,2364.40,2367.00,2038
2026-10-06 09:56:00,2366.30,2368.00,2366.30,2368.00,680
2026-10-06 09:57:00,2367.50,2368.20,2366.50,2367.00,1000
2026-10-06 09:58:00,2367.00,2367.10,2366.50,2366.90,473
2026-10-06 09:59:00,2366.50,2367.00,2366.50,2366.60,413
2026-10-06 10:00:00,2366.50,2368.20,2365.00,2366.00,994
2026-10-06 10:01:00,2366.00,2366.80,2365.00,2365.10,543
2026-10-06 10:02:00,2365.10,2366.00,2364.30,2364.60,359
2026-10-06 10:03:00,2364.10,2364.50,2363.10,2363.20,540
2026-10-06 10:04:00,2363.30,2363.60,2362.30,2363.60,302
2026-10-06 10:05:00,2363.40,2364.70,2362.80,2362.90,505
2026-10-06 10:06:00,2362.60,2364.20,2362.60,2364.20,427
2026-10-06 10:07:00,2363.50,2364.00,2363.20,2363.70,320
2026-10-06 10:08:00,2363.00,2363.70,2362.90,2362.90,454
2026-10-06 10:09:00,2362.90,2363.00,2361.30,2361.70,637
2026-10-06 10:10:00,2361.70,2362.00,2360.00,2361.00,866
2026-10-06 10:11:00,2360.00,2360.60,2358.50,2359.80,1652
2026-10-06 10:12:00,2359.00,2360.00,2359.00,2359.60,433
2026-10-06 10:13:00,2359.00,2360.40,2358.60,2360.40,788
2026-10-06 10:14:00,2360.00,2361.60,2359.40,2361.60,360
2026-10-06 10:15:00,2361.30,2362.70,2361.30,2361.50,449
2026-10-06 10:16:00,2362.20,2363.50,2361.50,2363.50,753
2026-10-06 10:17:00,2363.50,2364.60,2363.20,2363.40,518
2026-10-06 10:18:00,2363.00,2363.90,2363.00,2363.80,325
2026-10-06 10:19:00,2363.20,2363.80,2362.20,2362.30,362
2026-10-06 10:20:00,2362.60,2362.90,2362.10,2362.30,234
2026-10-06 10:21:00,2362.20,2363.00,2362.00,2362.80,382
2026-10-06 10:22:00,2362.50,2364.70,2362.50,2364.70,581
2026-10-06 10:23:00,2364.10,2364.10,2362.90,2363.90,417
2026-10-06 10:24:00,2363.80,2366.00,2363.30,2365.80,551
2026-10-06 10:25:00,2365.70,2366.50,2365.10,2366.50,424
2026-10-06 10:26:00,2366.00,2367.30,2366.00,2367.30,830
2026-10-06 10:27:00,2366.70,2367.30,2366.00,2366.90,678
2026-10-06 10:28:00,2366.00,2366.80,2366.00,2366.60,235
2026-10-06 10:29:00,2366.00,2368.40,2365.50,2368.40,1365
2026-10-06 10:30:00,2368.20,2368.30,2366.60,2366.60,197
2026-10-06 10:31:00,2366.50,2368.40,2366.50,2368.40,386
2026-10-06 10:32:00,2368.10,2368.10,2365.20,2366.20,468
2026-10-06 10:33:00,2365.30,2366.20,2365.30,2366.00,219
2026-10-06 10:34:00,2365.30,2367.10,2365.30,2367.10,782
2026-10-06 10:35:00,2366.10,2367.30,2366.00,2366.40,478
2026-10-06 10:36:00,2366.40,2367.40,2365.80,2366.80,481
2026-10-06 10:37:00,2366.10,2367.30,2366.10,2367.20,335
2026-10-06 10:38:00,2366.70,2367.70,2366.70,2367.50,485
2026-10-06 10:39:00,2366.90,2367.70,2366.90,2367.50,413
2026-10-06 10:40:00,2367.50,2367.80,2367.10,2367.20,233
2026-10-06 10:41:00,2367.10,2374.40,2367.10,2372.30,2741
2026-10-06 10:42:00,2371.60,2372.30,2370.90,2370.90,880
2026-10-06 10:43:00,2371.50,2372.30,2370.40,2372.30,596
2026-10-06 10:44:00,2371.60,2373.10,2371.60,2373.10,721
2026-10-06 10:45:00,2372.60,2373.20,2371.70,2371.70,533
2026-10-06 10:46:00,2371.90,2372.30,2370.70,2370.80,836
2026-10-06 10:47:00,2371.30,2371.70,2370.40,2370.60,282
2026-10-06 10:48:00,2370.70,2370.70,2368.80,2370.10,569
2026-10-06 10:49:00,2369.70,2370.30,2369.10,2369.50,447
2026-10-06 10:50:00,2369.50,2370.10,2369.00,2369.90,382
2026-10-06 10:51:00,2369.80,2370.00,2369.50,2370.00,221
2026-10-06 10:52:00,2369.50,2370.20,2369.50,2370.20,407
2026-10-06 10:53:00,2370.00,2370.30,2369.60,2370.30,635
2026-10-06 10:54:00,2369.90,2370.20,2369.00,2369.80,276
2026-10-06 10:55:00,2369.20,2370.90,2369.20,2370.90,343
2026-10-06 10:56:00,2370.60,2375.00,2369.70,2373.90,1809
2026-10-06 10:57:00,2373.20,2373.30,2371.20,2371.70,949
2026-10-06 10:58:00,2371.70,2372.90,2371.00,2371.50,747
2026-10-06 10:59:00,2371.30,2374.40,2371.20,2373.30,880
2026-10-06 11:00:00,2373.30,2375.90,2372.00,2375.40,2135
2026-10-06 11:01:00,2374.50,2376.60,2374.50,2376.30,1061
2026-10-06 11:02:00,2375.40,2376.30,2375.10,2375.50,390
2026-10-06 11:03:00,2374.60,2376.20,2374.60,2376.10,470
2026-10-06 11:04:00,2376.00,2378.40,2375.10,2378.30,2077
2026-10-06 11:05:00,2378.20,2382.10,2376.20,2381.20,2515
2026-10-06 11:06:00,2380.40,2384.80,2380.20,2381.00,7203
2026-10-06 11:07:00,2381.00,2383.40,2380.30,2380.70,3233
2026-10-06 11:08:00,2380.70,2380.90,2378.00,2379.50,1169
2026-10-06 11:09:00,2379.30,2380.00,2378.50,2379.60,725
2026-10-06 11:10:00,2379.50,2383.00,2379.30,2382.90,1634
2026-10-06 11:11:00,2382.50,2382.90,2381.30,2381.90,540
2026-10-06 11:12:00,2381.80,2382.00,2381.10,2381.70,405
2026-10-06 11:13:00,2381.60,2382.60,2380.00,2382.50,1309
2026-10-06 11:14:00,2382.50,2385.10,2382.50,2383.70,2457
2026-10-06 11:15:00,2383.10,2387.50,2383.10,2387.00,2211
2026-10-06 11:16:00,2387.90,2389.00,2386.70,2387.70,1314
2026-10-06 11:17:00,2387.90,2388.70,2387.20,2387.80,1481
2026-10-06 11:18:00,2387.80,2388.90,2386.30,2387.90,1433
2026-10-06 11:19:00,2387.90,2389.00,2387.20,2389.00,1524
2026-10-06 11:20:00,2389.00,2389.80,2386.70,2387.40,1120
2026-10-06 11:21:00,2387.40,2387.60,2385.20,2386.00,880
2026-10-06 11:22:00,2385.20,2385.80,2385.10,2385.50,319
2026-10-06 11:23:00,2385.40,2385.90,2384.70,2385.70,575
2026-10-06 11:24:00,2385.70,2386.00,2384.80,2385.90,449
2026-10-06 11:25:00,2386.00,2387.30,2384.60,2385.70,711
2026-10-06 11:26:00,2385.70,2385.70,2384.50,2385.30,436
2026-10-06 11:27:00,2384.60,2385.40,2384.10,2385.40,577
2026-10-06 11:28:00,2385.00,2385.40,2384.90,2385.00,377
2026-10-06 11:29:00,2384.50,2385.00,2383.40,2384.30,538
2026-10-06 11:30:00,2384.30,2384.40,2382.90,2382.90,855
2026-10-06 11:31:00,2382.90,2383.60,2382.20,2382.90,693
2026-10-06 11:32:00,2382.70,2382.90,2381.00,2382.00,502
2026-10-06 11:33:00,2382.00,2382.60,2381.90,2382.60,668
2026-10-06 11:34:00,2382.20,2382.80,2381.50,2382.80,970
2026-10-06 11:35:00,2382.90,2382.90,2381.60,2381.80,287
2026-10-06 11:36:00,2381.6,2381.7,2381.1,2381.4,135044
2026-10-06 11:37:00,2381.1,2382.2,2381.1,2382,135865
2026-10-06 11:38:00,2381.9,2382.9,2381.9,2382.9,136174
2026-10-06 11:39:00,2382.9,2383,2382.5,2383,137022
2026-10-06 11:40:00,2383,2383.3,2382.3,2383.2,137424
2026-10-06 11:41:00,2382.3,2382.7,2381,2381,138280
2026-10-06 11:42:00,2381,2381.8,2380.4,2381.3,139332
2026-10-06 11:43:00,2381.3,2381.5,2377,2378,142267
2026-10-06 11:44:00,2377.2,2381.5,2376.4,2381.5,146088
2026-10-06 11:45:00,2381.2,2381.8,2379.9,2381.8,147230
2026-10-06 11:46:00,2381.5,2382.5,2381.5,2381.7,148242
2026-10-06 11:47:00,2381.7,2382.5,2380.6,2381.5,149181
2026-10-06 11:48:00,2380.7,2381.6,2380,2380.5,150056
2026-10-06 11:49:00,2380.3,2381.3,2379.7,2380.9,150880
2026-10-06 11:50:00,2380.3,2380.9,2380.3,2380.8,151112
2026-10-06 11:51:00,2380.6,2380.6,2380,2380,151547
2026-10-06 11:52:00,2380,2381,2379.7,2380.7,152685
2026-10-06 11:53:00,2380.7,2381.2,2380.2,2380.5,153004
2026-10-06 11:54:00,2380.5,2381.6,2380.5,2381.2,153494
2026-10-06 11:55:00,2380.5,2381.2,2380.5,2380.5,153734
2026-10-06 11:56:00,2380.5,2381.1,2380.5,2381.1,154089
2026-10-06 11:58:00,2380.8,2381.2,2380.8,2381.2,155105
2026-10-06 11:59:00,2381.2,2381.2,2380.8,2380.8,155481
2026-10-06 12:00:00,2381,2381,2379.5,2380.4,156874
2026-10-06 12:01:00,2380.4,2380.9,2380,2380.9,157994
2026-10-06 12:02:00,2380.8,2381.1,2380.1,2380.9,158220
2026-10-06 12:03:00,2380.3,2381.6,2380.2,2381.6,158567
2026-10-06 12:04:00,2381.2,2382.4,2380.4,2381.9,160235
2026-10-06 12:05:00,2381.9,2382.8,2381.1,2382.4,160595
2026-10-06 12:06:00,2381.5,2382.4,2381,2382.2,161070
2026-10-06 12:07:00,2382.1,2382.1,2381,2381.4,161522
2026-10-06 12:08:00,2381,2381.9,2380.8,2381.7,161884
2026-10-06 12:09:00,2381.7,2381.8,2380.8,2380.8,162273
2026-10-06 12:10:00,2380.7,2383,2380.6,2382.2,163398
2026-10-06 12:11:00,2382.2,2383.3,2382.1,2382.3,163732
2026-10-06 12:12:00,2382.3,2384,2381.6,2382,164242
2026-10-06 12:13:00,2382,2382.8,2382,2382.4,165475
2026-10-06 12:14:00,2382.1,2383.6,2381.5,2383.6,165909
2026-10-06 12:15:00,2383.3,2384.2,2383.3,2384,166518
2026-10-06 12:16:00,2384.1,2384.3,2383.3,2383.3,166744
2026-10-06 12:17:00,2383.3,2383.9,2380.7,2382.4,168063
2026-10-06 12:18:00,2382.4,2383.5,2382,2383.5,168492
2026-10-06 12:19:00,2382.5,2384,2382.5,2383,168875
2026-10-06 12:20:00,2383,2383.8,2383,2383.7,169127
2026-10-06 12:21:00,2383.5,2384,2383,2383.3,169467
2026-10-06 12:22:00,2383.3,2383.9,2383.2,2383.2,169536
2026-10-06 12:23:00,2383.9,2385.4,2383.9,2385.1,170767
2026-10-06 11:57:00,2381.00,2381.30,2380.00,2380.80,617
2026-10-06 12:23:00,2383.9,2385.4,2383.9,2385.1,170824
2026-10-06 12:24:00,2385.1,2385.1,2383.6,2384.8,171447
2026-10-06 12:25:00,2384.8,2384.8,2383.8,2384.6,171749
