Timestamp,Open,High,Low,Close,Volume
2026-10-05 09:15:00,1243.7,1247.2,1220.2,1231.0,214888
2026-10-05 09:16:00,1230.5,1232.9,1222.7,1225.8,66566
2026-10-05 09:17:00,1225.9,1232.0,1222.5,1231.5,63080
2026-10-05 09:18:00,1231.9,1234.5,1228.2,1229.6,17848
2026-10-05 09:19:00,1229.6,1231.4,1225.3,1226.2,49686
2026-10-05 09:20:00,1226.0,1232.9,1224.9,1232.0,27589
2026-10-05 09:21:00,1232.7,1233.0,1229.6,1232.1,22562
2026-10-05 09:22:00,1232.7,1232.8,1227.2,1227.9,23654
2026-10-05 09:23:00,1227.9,1233.6,1227.2,1232.4,26629
2026-10-05 09:24:00,1233.0,1233.0,1227.0,1229.4,39090
2026-10-05 09:25:00,1229.3,1231.3,1228.9,1230.3,8801
2026-10-05 09:26:00,1230.5,1233.8,1230.2,1233.4,12218
2026-10-05 09:27:00,1233.0,1234.0,1228.4,1228.8,25999
2026-10-05 09:28:00,1230.0,1233.4,1229.7,1231.3,11660
2026-10-05 09:29:00,1231.3,1235.4,1231.3,1234.9,9709
2026-10-05 09:30:00,1234.9,1234.9,1233.4,1234.5,10736
2026-10-05 09:31:00,1234.9,1237.2,1233.4,1236.5,31478
2026-10-05 09:32:00,1236.5,1238.8,1236.5,1237.3,33257
2026-10-05 09:33:00,1237.3,1237.9,1235.5,1236.5,5328
2026-10-05 09:34:00,1236.5,1237.7,1236.2,1236.4,7964
2026-10-05 09:35:00,1236.9,1237.5,1236.3,1236.8,6489
2026-10-05 09:36:00,1237.0,1238.0,1236.4,1237.8,6933
2026-10-05 09:37:00,1238.1,1238.8,1237.3,1238.0,13048
2026-10-05 09:38:00,1238.6,1241.8,1234.9,1238.5,57117
2026-10-05 09:39:00,1238.4,1244.0,1238.0,1243.5,19070
2026-10-05 09:40:00,1244.2,1245.5,1243.1,1243.9,25615
2026-10-05 09:41:00,1243.7,1246.0,1241.3,1244.7,21635
2026-10-05 09:42:00,1244.5,1244.6,1238.0,1238.5,80345
2026-10-05 09:43:00,1238.5,1240.1,1237.8,1238.1,15515
2026-10-05 09:44:00,1238.3,1239.8,1237.2,1239.3,9747
2026-10-05 09:45:00,1239.7,1240.3,1238.4,1240.1,7597
2026-10-05 09:46:00,1240.1,1241.6,1238.3,1239.1,15107
2026-10-05 09:47:00,1239.1,1240.9,1238.7,1239.8,9052
2026-10-05 09:48:00,1239.9,1239.9,1237.6,1237.8,7695
2026-10-05 09:49:00,1237.9,1237.9,1236.7,1237.5,6062
2026-10-05 09:50:00,1237.5,1238.9,1237.4,1238.5,8749
2026-10-05 09:51:00,1238.7,1240.3,1237.8,1237.8,44781
2026-10-05 09:52:00,1237.7,1237.9,1235.9,1237.5,14573
2026-10-05 09:53:00,1237.5,1237.5,1235.0,1235.6,9590
2026-10-05 09:54:00,1235.7,1235.8,1233.0,1233.7,8943
2026-10-05 09:55:00,1233.6,1233.6,1231.8,1232.6,6720
2026-10-05 09:56:00,1232.6,1233.7,1232.0,1233.0,7855
2026-10-05 09:57:00,1232.5,1232.5,1230.3,1230.6,9984
2026-10-05 09:58:00,1230.3,1231.6,1230.3,1231.2,8807
2026-10-05 09:59:00,1230.2,1230.7,1229.1,1229.5,8409
2026-10-05 10:00:00,1229.7,1231.4,1229.4,1231.0,6421
2026-10-05 10:01:00,1231.4,1231.4,1229.0,1229.8,6409
2026-10-05 10:02:00,1229.6,1231.0,1229.6,1230.5,8182
2026-10-05 10:03:00,1231.0,1232.9,1231.0,1232.3,4425
2026-10-05 10:04:00,1232.1,1232.3,1230.2,1230.6,5007
2026-10-05 10:05:00,1230.8,1231.2,1229.2,1229.2,5976
2026-10-05 10:06:00,1229.1,1230.8,1229.1,1230.8,15919
2026-10-05 10:07:00,1231.7,1233.0,1231.1,1232.4,5479
2026-10-05 10:08:00,1232.8,1232.9,1231.5,1232.0,7040
2026-10-05 10:09:00,1232.2,1232.2,1230.8,1231.3,3451
2026-10-05 10:10:00,1231.0,1231.0,1229.7,1230.1,4810
2026-10-05 10:11:00,1230.7,1230.7,1229.0,1229.1,5084
2026-10-05 10:12:00,1229.5,1229.9,1228.8,1228.8,4739
2026-10-05 10:13:00,1229.3,1229.3,1227.4,1227.5,7752
2026-10-05 10:14:00,1227.3,1228.1,1225.8,1225.8,8747
2026-10-05 10:15:00,1225.6,1226.1,1224.0,1226.1,25096
2026-10-05 10:16:00,1225.9,1227.0,1224.3,1224.8,9910
2026-10-05 10:17:00,1225.0,1225.6,1223.2,1225.6,24144
2026-10-05 10:18:00,1225.3,1226.1,1224.7,1225.4,8406
2026-10-05 10:19:00,1225.3,1225.9,1225.0,1225.7,5939
2026-10-05 10:20:00,1225.7,1225.8,1225.0,1225.5,2698
2026-10-05 10:21:00,1225.5,1225.6,1225.0,1225.0,2958
2026-10-05 10:22:00,1225.0,1225.0,1219.2,1220.1,31031
2026-10-05 10:23:00,1220.4,1221.7,1219.6,1220.7,12232
2026-10-05 10:24:00,1220.7,1220.7,1216.0,1216.6,26822
2026-10-05 10:25:00,1216.6,1216.6,1214.7,1215.5,14016
2026-10-05 10:26:00,1215.7,1215.7,1213.6,1214.6,20291
2026-10-05 10:27:00,1214.4,1216.1,1213.6,1216.1,14745
2026-10-05 10:28:00,1216.2,1216.3,1214.9,1215.9,13672
2026-10-05 10:29:00,1215.5,1215.9,1214.6,1214.9,9795
2026-10-05 10:30:00,1215.2,1216.2,1215.1,1216.0,6273
2026-10-05 10:31:00,1216.0,1217.5,1216.0,1216.7,6344
2026-10-05 10:32:00,1216.7,1217.3,1216.0,1216.0,4434
2026-10-05 10:33:00,1216.5,1216.5,1216.0,1216.5,3227
2026-10-05 10:34:00,1216.5,1216.7,1216.0,1216.6,4513
2026-10-05 10:35:00,1216.6,1217.0,1215.5,1215.7,12001
2026-10-05 10:36:00,1216.7,1217.1,1216.0,1216.0,9501
2026-10-05 10:37:00,1216.4,1217.5,1216.0,1217.0,7398
2026-10-05 10:38:00,1217.0,1217.2,1215.2,1216.2,6025
2026-10-05 10:39:00,1216.2,1216.2,1215.1,1216.1,7890
2026-10-05 10:40:00,1215.5,1216.1,1215.1,1215.4,4821
2026-10-05 10:41:00,1215.4,1215.4,1213.1,1213.4,14839
2026-10-05 10:42:00,1213.4,1213.7,1213.2,1213.4,5781
2026-10-05 10:43:00,1213.5,1214.9,1213.2,1213.2,5419
2026-10-05 10:44:00,1213.6,1214.4,1213.5,1213.9,4430
2026-10-05 10:45:00,1213.9,1214.2,1213.6,1213.7,5038
2026-10-05 10:46:00,1213.7,1213.9,1213.3,1213.8,2216
2026-10-05 10:47:00,1213.8,1214.4,1213.3,1214.4,4545
2026-10-05 10:48:00,1214.4,1214.7,1213.4,1213.9,3300
2026-10-05 10:49:00,1213.9,1214.7,1213.2,1213.2,3322
2026-10-05 10:50:00,1213.5,1213.8,1213.2,1213.8,4201
2026-10-05 10:51:00,1213.8,1214.0,1213.5,1213.9,2575
2026-10-05 10:52:00,1213.9,1213.9,1213.5,1213.8,2173
2026-10-05 10:53:00,1213.8,1213.8,1212.4,1212.8,17543
2026-10-05 10:54:00,1212.8,1212.8,1210.0,1210.5,19074
2026-10-05 10:55:00,1209.8,1209.8,1208.3,1208.8,14338
2026-10-05 10:56:00,1208.9,1210.6,1208.6,1209.3,63687
2026-10-05 10:57:00,1210.0,1210.5,1209.5,1209.9,2981
2026-10-05 10:58:00,1210.0,1210.0,1209.1,1209.6,6686
2026-10-05 10:59:00,1209.6,1210.0,1208.5,1209.0,6136
2026-10-05 11:00:00,1209.0,1209.2,1207.5,1208.3,13721
2026-10-05 11:01:00,1208.3,1208.7,1206.4,1208.1,21803
2026-10-05 11:02:00,1208.6,1208.9,1208.2,1208.8,1826
2026-10-05 11:03:00,1208.8,1209.6,1208.2,1209.0,5002
2026-10-05 11:04:00,1209.0,1209.0,1208.6,1208.9,2153
2026-10-05 11:05:00,1208.9,1209.0,1208.0,1208.3,8606
2026-10-05 11:06:00,1208.3,1209.6,1208.3,1209.2,3946
2026-10-05 11:07:00,1209.6,1209.7,1209.2,1209.6,974
2026-10-05 11:08:00,1209.5,1209.6,1207.2,1208.4,13373
2026-10-05 11:09:00,1208.3,1208.5,1207.4,1208.0,5105
2026-10-05 11:10:00,1208.0,1208.4,1207.4,1207.7,6027
2026-10-05 11:11:00,1207.7,1209.8,1207.1,1209.6,3960
2026-10-05 11:12:00,1209.6,1209.9,1208.6,1209.6,3559
2026-10-05 11:13:00,1209.9,1210.9,1209.8,1210.4,10876
2026-10-05 11:14:00,1210.8,1210.8,1209.8,1209.8,4696
2026-10-05 11:15:00,1209.8,1210.2,1209.4,1210.2,2870
2026-10-05 11:16:00,1210.2,1210.2,1208.2,1209.2,6657
2026-10-05 11:17:00,1209.1,1209.2,1208.1,1209.0,4255
2026-10-05 11:18:00,1208.5,1209.8,1208.0,1209.8,4226
2026-10-05 11:19:00,1209.8,1209.8,1208.1,1208.5,2876
2026-10-05 11:20:00,1208.5,1209.4,1208.0,1208.9,4304
2026-10-05 11:21:00,1208.9,1208.9,1208.2,1208.4,2538
2026-10-05 11:22:00,1208.5,1208.5,1207.4,1207.4,7959
2026-10-05 11:23:00,1207.7,1207.7,1206.6,1207.0,6239
2026-10-05 11:24:00,1207.0,1208.0,1207.0,1207.7,3129
2026-10-05 11:25:00,1208.0,1208.9,1207.8,1207.9,5664
2026-10-05 11:26:00,1208.0,1208.0,1207.2,1207.2,2674
2026-10-05 11:27:00,1207.6,1207.9,1207.2,1207.4,2572
2026-10-05 11:28:00,1207.8,1209.0,1207.4,1208.9,3913
2026-10-05 11:29:00,1209.0,1209.0,1208.0,1208.8,3115
2026-10-05 11:30:00,1209.0,1209.7,1208.3,1209.7,4707
2026-10-05 11:31:00,1209.6,1209.7,1208.5,1208.6,3487
2026-10-05 11:32:00,1208.8,1209.6,1208.5,1209.6,4635
2026-10-05 11:33:00,1209.6,1209.7,1208.8,1209.1,2811
2026-10-05 11:34:00,1209.1,1209.1,1207.9,1208.3,15849
2026-10-05 11:35:00,1208.3,1208.5,1207.5,1207.7,4165
2026-10-05 11:36:00,1207.7,1207.7,1206.5,1206.6,6504
2026-10-05 11:37:00,1207.0,1207.9,1206.0,1207.2,9894
2026-10-05 11:38:00,1207.0,1207.0,1205.6,1205.8,7257
2026-10-05 11:39:00,1205.5,1206.1,1205.1,1205.6,6988
2026-10-05 11:40:00,1205.6,1206.6,1205.3,1206.6,6272
2026-10-05 11:41:00,1206.2,1207.8,1205.8,1206.8,4198
2026-10-05 11:42:00,1206.8,1207.6,1206.8,1207.4,2408
2026-10-05 11:43:00,1207.6,1207.6,1206.5,1206.5,5214
2026-10-05 11:44:00,1206.8,1206.9,1206.0,1206.1,3569
2026-10-05 11:45:00,1206.5,1206.9,1203.5,1204.0,21127
2026-10-05 11:46:00,1204.0,1205.5,1203.7,1205.2,5105
2026-10-05 11:47:00,1205.7,1205.9,1204.6,1205.1,4696
2026-10-05 11:48:00,1205.0,1205.2,1204.4,1204.7,2399
2026-10-05 11:49:00,1204.7,1205.2,1204.3,1204.8,3492
2026-10-05 11:50:00,1205.2,1205.2,1203.9,1204.8,6889
2026-10-05 11:51:00,1204.8,1205.7,1204.7,1205.1,3623
2026-10-05 11:52:00,1205.3,1205.9,1204.2,1205.9,26374
2026-10-05 11:53:00,1205.8,1206.5,1205.0,1205.9,7447
2026-10-05 11:54:00,1206.2,1206.9,1206.0,1206.0,3231
2026-10-05 11:55:00,1206.4,1207.6,1205.8,1206.5,5560
2026-10-05 11:56:00,1206.4,1207.8,1206.0,1206.7,6716
2026-10-05 11:57:00,1206.7,1206.8,1205.7,1206.0,3844
2026-10-05 11:58:00,1206.0,1206.0,1203.4,1203.4,13558
2026-10-05 11:59:00,1203.5,1204.0,1203.4,1203.5,4027
2026-10-05 12:00:00,1203.8,1203.9,1202.6,1203.8,19148
2026-10-05 12:01:00,1203.5,1204.4,1203.4,1204.4,4562
2026-10-05 12:02:00,1204.4,1205.9,1204.0,1204.9,3824
2026-10-05 12:03:00,1204.9,1205.6,1204.1,1204.4,3829
2026-10-05 12:04:00,1204.4,1204.4,1202.9,1203.4,5710
2026-10-05 12:05:00,1203.4,1204.2,1203.1,1204.0,3645
2026-10-05 12:06:00,1204.0,1204.2,1202.1,1202.1,15664
2026-10-05 12:07:00,1202.5,1202.5,1201.5,1202.1,7911
2026-10-05 12:08:00,1202.1,1202.1,1201.2,1201.2,4056
2026-10-05 12:09:00,1201.4,1201.4,1200.5,1201.1,9342
2026-10-05 12:10:00,1200.7,1201.6,1200.2,1201.4,6947
2026-10-05 12:11:00,1201.7,1202.5,1201.3,1202.2,4136
2026-10-05 12:12:00,1202.2,1202.2,1201.2,1201.8,5656
2026-10-05 12:13:00,1201.8,1201.8,1200.8,1200.8,6784
2026-10-05 12:14:00,1200.8,1201.5,1200.7,1201.2,2628
2026-10-05 12:15:00,1201.2,1202.9,1200.9,1202.8,6940
2026-10-05 12:16:00,1202.9,1203.0,1201.6,1202.1,2619
2026-10-05 12:17:00,1202.1,1203.0,1201.9,1202.6,5041
2026-10-05 12:18:00,1202.6,1202.8,1202.0,1202.3,2547
2026-10-05 12:19:00,1202.3,1202.4,1201.8,1201.8,2417
2026-10-05 12:20:00,1202.0,1202.1,1201.3,1201.3,2797
2026-10-05 12:21:00,1201.6,1201.7,1201.0,1201.4,3617
2026-10-05 12:22:00,1201.4,1202.9,1201.4,1202.9,5792
2026-10-05 12:23:00,1202.6,1202.8,1201.5,1201.7,6616
2026-10-05 12:24:00,1201.8,1202.2,1200.8,1200.8,3119
2026-10-05 12:25:00,1201.1,1201.4,1200.6,1200.8,3147
2026-10-05 12:26:00,1201.4,1201.4,1200.3,1200.6,4499
2026-10-05 12:27:00,1200.6,1200.9,1199.0,1200.8,25345
2026-10-05 12:28:00,1200.7,1201.2,1200.2,1201.0,3547
2026-10-05 12:29:00,1201.0,1201.5,1200.7,1201.4,2510
2026-10-05 12:30:00,1201.4,1201.7,1200.5,1201.0,8633
2026-10-05 12:31:00,1201.4,1201.4,1200.2,1200.5,2777
2026-10-05 12:32:00,1200.7,1201.0,1200.1,1200.1,2372
2026-10-05 12:33:00,1200.6,1200.6,1199.7,1199.7,2806
2026-10-05 12:34:00,1199.7,1200.0,1199.1,1199.4,3942
2026-10-05 12:35:00,1199.7,1201.8,1199.3,1200.7,6323
2026-10-05 12:36:00,1201.2,1201.4,1200.4,1200.8,5285
2026-10-05 12:37:00,1200.9,1201.5,1200.1,1200.8,6104
2026-10-05 12:38:00,1200.8,1201.7,1200.1,1200.1,8059
2026-10-05 12:39:00,1200.5,1203.2,1200.1,1201.4,8074
2026-10-05 12:40:00,1201.4,1203.3,1200.7,1202.8,8936
2026-10-05 12:41:00,1202.8,1202.8,1201.9,1202.4,2290
2026-10-05 12:42:00,1202.4,1202.4,1200.8,1201.2,4743
2026-10-05 12:43:00,1201.7,1201.7,1201.0,1201.3,2575
2026-10-05 12:44:00,1201.5,1202.0,1201.0,1201.3,3448
2026-10-05 12:45:00,1201.7,1201.9,1201.1,1201.7,3782
2026-10-05 12:46:00,1201.7,1203.0,1201.3,1202.7,4076
2026-10-05 12:47:00,1202.7,1203.6,1202.1,1202.9,6710
2026-10-05 12:48:00,1202.9,1202.9,1201.6,1201.6,4510
2026-10-05 12:49:00,1201.9,1202.1,1201.0,1201.1,3126
2026-10-05 12:50:00,1201.1,1202.0,1201.1,1202.0,3052
2026-10-05 12:51:00,1202.0,1202.7,1201.7,1202.2,4271
2026-10-05 12:52:00,1202.2,1202.2,1201.0,1201.2,2982
2026-10-05 12:53:00,1201.2,1201.5,1200.3,1200.5,6318
2026-10-05 12:54:00,1200.5,1200.5,1199.5,1200.1,6440
2026-10-05 12:55:00,1200.1,1200.9,1200.0,1200.1,2983
2026-10-05 12:56:00,1200.6,1200.9,1199.0,1200.0,10497
2026-10-05 12:57:00,1200.0,1200.9,1200.0,1200.5,2520
2026-10-05 12:58:00,1200.5,1200.5,1199.4,1199.7,4861
2026-10-05 12:59:00,1199.7,1199.7,1198.1,1198.5,6418
2026-10-05 13:00:00,1198.6,1199.4,1198.1,1198.7,7306
2026-10-05 13:01:00,1198.6,1199.9,1198.5,1199.8,5663
2026-10-05 13:02:00,1200.0,1200.9,1199.1,1200.5,4870
2026-10-05 13:03:00,1201.2,1203.1,1200.5,1202.5,9699
2026-10-05 13:04:00,1203.0,1203.5,1202.2,1203.2,6234
2026-10-05 13:05:00,1203.8,1203.8,1202.8,1203.3,6582
2026-10-05 13:06:00,1203.3,1204.5,1202.4,1204.4,21132
2026-10-05 13:07:00,1204.5,1204.5,1202.3,1202.3,3878
2026-10-05 13:08:00,1202.7,1203.1,1202.0,1202.5,3007
2026-10-05 13:09:00,1202.5,1202.6,1202.5,1202.6,14
2026-10-05 13:12:00,1203.2,1203.5,1202.4,1202.8,2542703
2026-10-05 13:13:00,1202.8,1203.4,1202.1,1203.3,2546838
2026-10-05 13:14:00,1203.5,1203.5,1202.1,1202.8,2550427
2026-10-05 13:15:00,1202.8,1203.5,1202.8,1203.4,2553363
2026-10-05 13:16:00,1203.4,1203.7,1203.2,1203.3,2556259
2026-10-05 13:17:00,1203.5,1203.5,1202.3,1203.1,2561892
2026-10-05 13:18:00,1203.4,1204,1203.2,1204,2565971
2026-10-05 13:19:00,1204,1204.8,1203.8,1204.5,2572162
2026-10-05 13:20:00,1204.7,1204.8,1204.1,1204.1,2575636
2026-10-05 13:22:00,1204.5,1204.5,1204,1204.5,2589919
2026-10-05 13:23:00,1204.5,1204.7,1204.1,1204.2,2595915
2026-10-05 13:24:00,1204.2,1204.3,1203.6,1203.6,2600603
2026-10-05 13:25:00,1203.7,1204.6,1203.6,1204.6,2604280
2026-10-05 13:26:00,1204.6,1206,1204.1,1204.6,2631174
2026-10-05 13:27:00,1204.6,1204.9,1204.2,1204.7,2633500
2026-10-05 13:28:00,1204.7,1205.9,1204.4,1205.6,2641135
2026-10-05 13:29:00,1205.9,1207.7,1205.6,1207.1,2662463
2026-10-05 13:30:00,1207.1,1207.5,1206.9,1207,2668070
2026-10-05 13:31:00,1207,1207.2,1206.4,1206.7,2671336
2026-10-05 13:47:00,1207.8,1207.8,1207.3,1207.7,2817654
2026-10-05 13:48:00,1207.7,1207.9,1206.2,1207.5,2845782
2026-10-05 13:49:00,1207.5,1208.4,1207,1208.3,2850358
2026-10-05 13:50:00,1208.3,1208.3,1206.5,1207.1,2867701
2026-10-05 13:51:00,1207.6,1207.7,1207.1,1207.7,2869634
2026-10-05 15:13:00,1199.4,1199.5,1197.5,1198.6,3733762
2026-10-05 15:14:00,1198.2,1200.9,1198,1200,3750321
2026-10-05 15:15:00,1200,1200,1200,1200,3750321
2026-10-05 15:16:00,1200,1200,1200,1200,3750321
2026-10-05 15:17:00,1200,1200,1200,1200,3750321
2026-10-05 15:18:00,1200,1200,1200,1200,3750321
2026-10-05 15:19:00,1200,1200,1200,1200,3750321
2026-10-05 15:20:00,1200,1200,1200,1200,3750321
2026-10-05 15:27:00,1200,1200,1200,1200,3750321
2026-10-05 15:28:00,1200,1200,1200,1200,3750321
2026-10-05 15:29:00,1200,1200,1200,1200,3750321
2026-10-05 15:31:00,1201.9,1201.9,1201.9,1201.9,3841050
2026-10-05 15:32:00,1201.9,1201.9,1201.9,1201.9,3841050
2026-10-05 15:33:00,1201.9,1201.9,1201.9,1201.9,3841050
2026-10-05 15:34:00,1201.9,1201.9,1201.9,1201.9,3841050
2026-10-05 15:36:00,1201.9,1201.9,1201.9,1201.9,3841050
2026-10-05 15:37:00,1201.9,1201.9,1201.9,1201.9,3841050
2026-10-05 15:38:00,1201.9,1201.9,1201.9,1201.9,3841050
2026-10-05 15:39:00,1201.9,1201.9,1201.9,1201.9,3841050
2026-10-05 15:40:00,1201.9,1201.9,1201.9,1201.9,3841050
2026-10-05 15:41:00,1201.9,1201.9,1201.9,1201.9,3841050
2026-10-05 15:42:00,1201.9,1201.9,1201.9,1201.9,3841050
2026-10-05 15:43:00,1201.9,1201.9,1201.9,1201.9,3841050
2026-10-05 15:48:00,1201.9,1201.9,1201.9,1201.9,3841050
2026-10-05 15:49:00,1201.9,1201.9,1201.9,1201.9,3841050
2026-10-05 15:50:00,1201.9,1201.9,1201.9,1201.9,3842521
2026-10-05 15:51:00,1201.9,1201.9,1201.9,1201.9,3842537
2026-10-05 15:52:00,1201.9,1201.9,1201.9,1201.9,3842597
2026-10-05 15:53:00,1201.9,1201.9,1201.9,1201.9,3842699
2026-10-05 15:54:00,1201.9,1201.9,1201.9,1201.9,3842700
2026-10-05 15:55:00,1201.9,1201.9,1201.9,1201.9,3842722
2026-10-05 15:56:00,1201.9,1201.9,1201.9,1201.9,3842724
2026-10-05 15:57:00,1201.9,1201.9,1201.9,1201.9,3842725
2026-10-05 15:58:00,1201.9,1201.9,1201.9,1201.9,3842725
2026-10-05 15:59:00,1201.9,1201.9,1201.9,1201.9,3843425
2026-10-05 16:00:00,1201.9,1201.9,1201.9,1201.9,3843425
2026-10-05 16:01:00,1201.9,1201.9,1201.9,1201.9,3843425
2026-10-05 16:02:00,1201.9,1201.9,1201.9,1201.9,3843425
2026-10-05 16:03:00,1201.9,1201.9,1201.9,1201.9,3843425
2026-10-05 16:04:00,1201.9,1201.9,1201.9,1201.9,3843425
2026-10-05 16:05:00,1201.9,1201.9,1201.9,1201.9,3843425
2026-10-05 16:06:00,1201.9,1201.9,1201.9,1201.9,3843425
2026-10-05 16:07:00,1201.9,1201.9,1201.9,1201.9,3843425
2026-10-05 16:08:00,1201.9,1201.9,1201.9,1201.9,3843425
2026-10-05 16:09:00,1201.9,1201.9,1201.9,1201.9,3843425
2026-10-05 16:10:00,1201.9,1201.9,1201.9,1201.9,3843425
2026-10-05 16:11:00,1201.9,1201.9,1201.9,1201.9,3843425
2026-10-05 16:12:00,1201.9,1201.9,1201.9,1201.9,3843425
2026-10-05 16:13:00,1201.9,1201.9,1201.9,1201.9,3843425
2026-10-05 16:14:00,1201.9,1201.9,1201.9,1201.9,3843425
2026-10-05 16:15:00,1201.9,1201.9,1201.9,1201.9,3843425
2026-10-05 16:16:00,1201.9,1201.9,1201.9,1201.9,3843425
2026-10-05 16:17:00,1201.9,1201.9,1201.9,1201.9,3843425
2026-10-05 16:18:00,1201.9,1201.9,1201.9,1201.9,3843425
2026-10-05 16:19:00,1201.9,1201.9,1201.9,1201.9,3843425
2026-10-05 16:35:00,1201.9,1201.9,1201.9,1201.9,3843425
2026-10-05 16:36:00,1201.9,1201.9,1201.9,1201.9,3843425
2026-10-05 16:37:00,1201.9,1201.9,1201.9,1201.9,3843425
2026-10-05 16:38:00,1201.9,1201.9,1201.9,1201.9,3843425
2026-10-05 16:39:00,1201.9,1201.9,1201.9,1201.9,3843425
2026-10-05 16:40:00,1201.9,1201.9,1201.9,1201.9,3843425
2026-10-05 16:41:00,1201.9,1201.9,1201.9,1201.9,3843425
2026-10-05 16:42:00,1201.9,1201.9,1201.9,1201.9,3843425
2026-10-05 16:43:00,1201.9,1201.9,1201.9,1201.9,3843425
2026-10-05 16:44:00,1201.9,1201.9,1201.9,1201.9,3843425
2026-10-05 16:45:00,1201.9,1201.9,1201.9,1201.9,3843425
2026-10-05 16:46:00,1201.9,1201.9,1201.9,1201.9,3843425
2026-10-05 16:47:00,1201.9,1201.9,1201.9,1201.9,3843425
2026-10-05 16:48:00,1201.9,1201.9,1201.9,1201.9,3843425
2026-10-05 16:49:00,1201.9,1201.9,1201.9,1201.9,3843425
2026-10-05 16:50:00,1201.9,1201.9,1201.9,1201.9,3843425
2026-10-05 16:51:00,1201.9,1201.9,1201.9,1201.9,3843425
2026-10-05 16:52:00,1201.9,1201.9,1201.9,1201.9,3843425
2026-10-05 17:19:00,1201.9,1201.9,1201.9,1201.9,3843425
2026-10-05 17:20:00,1201.9,1201.9,1201.9,1201.9,3843425
2026-10-05 17:21:00,1201.9,1201.9,1201.9,1201.9,3843425
2026-10-05 17:22:00,1201.9,1201.9,1201.9,1201.9,3843425
2026-10-05 17:23:00,1201.9,1201.9,1201.9,1201.9,3843425
2026-10-05 17:24:00,1201.9,1201.9,1201.9,1201.9,3843425
2026-10-05 17:25:00,1201.9,1201.9,1201.9,1201.9,3843425
2026-10-05 17:26:00,1201.9,1201.9,1201.9,1201.9,3843425
2026-10-05 17:27:00,1201.9,1201.9,1201.9,1201.9,3843425
2026-10-05 17:28:00,1201.9,1201.9,1201.9,1201.9,3843425
2026-10-05 17:29:00,1201.9,1201.9,1201.9,1201.9,3843425
2026-10-05 17:30:00,1201.9,1201.9,1201.9,1201.9,3843425
2026-10-05 17:31:00,1201.9,1201.9,1201.9,1201.9,3843425
2026-10-05 17:32:00,1201.9,1201.9,1201.9,1201.9,3843425
2026-10-05 17:33:00,1201.9,1201.9,1201.9,1201.9,3843425
2026-10-05 17:48:00,1201.9,1201.9,1201.9,1201.9,3843425
2026-10-05 17:49:00,1201.9,1201.9,1201.9,1201.9,3843425
2026-10-05 17:50:00,1201.9,1201.9,1201.9,1201.9,3843425
2026-10-05 17:51:00,1201.9,1201.9,1201.9,1201.9,3843425
2026-10-05 17:52:00,1201.9,1201.9,1201.9,1201.9,3843425
2026-10-06 09:05:00,1201.9,1201.9,1201.9,1201.9,9
2026-10-06 09:06:00,1201.9,1201.9,1201.9,1201.9,52
2026-10-06 09:07:00,1201.9,1201.9,1201.9,1201.9,48
2026-10-06 09:08:00,1201.9,1202,1201.9,1202,5998
2026-10-06 09:09:00,1202,1202,1202,1202,5998
2026-10-06 09:10:00,1202,1202,1202,1202,5998
2026-10-06 09:11:00,1202,1202,1202,1202,5998
2026-10-06 09:12:00,1202,1202,1202,1202,5998
2026-10-06 09:13:00,1202,1202,1202,1202,5998
2026-10-06 09:14:00,1202,1203.5,1202,1203.5,5998
2026-10-06 09:15:00,1203.5,1206.6,1200.7,1206.5,53666
2026-10-06 09:16:00,1207.6,1207.6,1206,1206.1,68698
2026-10-06 09:17:00,1206.8,1206.9,1203.2,1205.4,77744
2026-10-06 09:18:00,1204.8,1206.6,1204.8,1206,83251
2026-10-06 09:19:00,1206,1206.6,1205.9,1206.6,85163
2026-10-06 09:21:00,1205,1205.3,1204.7,1204.7,104194
2026-10-06 09:22:00,1204.7,1205.2,1203.8,1204.5,123416
2026-10-06 09:23:00,1204,1204.4,1202.8,1203.6,129726
2026-10-06 09:24:00,1203.6,1203.9,1203.6,1203.9,130654
2026-10-06 09:29:00,1203,1203,1201.4,1202,169430
2026-10-06 09:30:00,1202,1202,1201.3,1202,173919
2026-10-06 09:31:00,1202,1202.2,1199.8,1199.8,188154
2026-10-06 09:32:00,1199.6,1200.4,1199.6,1200.4,194412
2026-10-06 09:55:00,1202,1202.6,1201.7,1202.6,308904
2026-10-06 09:56:00,1202.6,1203.6,1200.9,1201.3,321302
2026-10-06 09:57:00,1201.3,1201.5,1200.2,1200.2,324769
2026-10-06 09:58:00,1200.2,1200.9,1198.2,1198.7,327992
2026-10-06 09:59:00,1198.8,1198.8,1197.6,1197.7,331671
2026-10-06 10:00:00,1197.7,1199,1197.7,1198.3,334964
2026-10-06 10:01:00,1198,1198.4,1197.9,1198.2,337316
2026-10-06 10:02:00,1198.3,1198.4,1197.6,1198,339823
2026-10-06 10:03:00,1198.2,1198.8,1198,1198,341603
2026-10-06 10:04:00,1198,1198,1197.1,1197.6,344852
2026-10-06 10:05:00,1197.6,1198.3,1197.1,1197.3,350503
2026-10-06 10:06:00,1197.3,1198.2,1197.1,1197.5,352531
2026-10-06 10:07:00,1197.5,1197.9,1196.4,1196.4,361560
2026-10-06 10:08:00,1196.3,1196.3,1193.4,1194.1,370716
2026-10-06 10:09:00,1194.6,1195,1192.7,1194.4,400905
2026-10-06 10:10:00,1194.9,1194.9,1193.4,1194.7,405911
2026-10-06 10:11:00,1194.6,1194.7,1194.1,1194.1,408210
2026-10-06 10:17:00,1194.1,1194.1,1193.1,1193.5,432289
2026-10-06 10:18:00,1193.1,1194.5,1193,1194.5,436665
2026-10-06 10:19:00,1194.5,1194.9,1194.3,1194.9,438163
2026-10-06 10:25:00,1194,1194,1193.4,1194,451458
2026-10-06 10:26:00,1194,1194.2,1192.1,1193.9,459429
2026-10-06 10:27:00,1193.3,1194,1193.3,1193.8,460895
2026-10-06 10:28:00,1193.8,1193.9,1192.5,1192.5,463532
2026-10-06 10:29:00,1192.5,1192.5,1191.1,1191.5,478303
2026-10-06 10:30:00,1191.5,1191.9,1189.7,1189.9,493863
2026-10-06 10:31:00,1189.9,1190.9,1188.6,1190,502826
2026-10-06 10:32:00,1190,1191.4,1189,1189,506440
2026-10-06 10:33:00,1189,1190.8,1188.7,1190.8,509711
2026-10-06 10:34:00,1190.8,1190.9,1190,1190.5,511615
2026-10-06 10:35:00,1190.1,1192,1190.1,1191.6,514880
2026-10-06 10:36:00,1191.6,1191.7,1191.1,1191.5,517162
2026-10-06 10:37:00,1191.4,1192.6,1191.2,1192.6,519380
2026-10-06 10:38:00,1192.6,1192.6,1191.4,1191.5,521403
2026-10-06 10:39:00,1191.7,1191.8,1191,1191.5,524024
2026-10-06 10:40:00,1191.4,1191.5,1190.4,1190.4,527659
2026-10-06 10:41:00,1190.4,1190.8,1190.4,1190.8,529036
2026-10-06 10:42:00,1190.8,1191.9,1190.8,1191.9,531787
2026-10-06 10:43:00,1191.9,1192.1,1191.2,1192.1,533996
2026-10-06 10:44:00,1191.7,1192.3,1190.5,1190.7,538408
2026-10-06 10:45:00,1190.3,1190.5,1188.7,1190,551843
2026-10-06 10:46:00,1190,1190.4,1189.4,1190,553796
2026-10-06 10:47:00,1190,1191.3,1189.9,1190.8,556278
2026-10-06 10:48:00,1190.8,1193,1190.8,1192.5,562328
2026-10-06 10:49:00,1192.3,1192.6,1191.5,1192.2,565879
2026-10-06 10:50:00,1192.2,1192.2,1191,1191.3,567658
2026-10-06 10:51:00,1191.3,1192,1190.8,1191.3,569200
2026-10-06 10:52:00,1191.3,1191.9,1190.9,1191.9,570833
2026-10-06 10:53:00,1191.9,1191.9,1190.4,1190.7,573257
2026-10-06 10:54:00,1190.7,1191.4,1190.5,1191.4,574695
2026-10-06 10:55:00,1191.4,1191.4,1189.6,1189.6,577467
2026-10-06 10:56:00,1189.8,1190.2,1189.2,1189.2,579888
2026-10-06 10:57:00,1189.5,1189.8,1189,1189.3,586005
2026-10-06 10:58:00,1189.3,1189.9,1188.5,1188.7,595613
2026-10-06 10:59:00,1188.7,1190.8,1188.5,1190.2,599303
2026-10-06 11:00:00,1190.7,1190.9,1189.6,1189.6,601010
2026-10-06 11:01:00,1189.6,1191.4,1189.6,1191.3,604728
2026-10-06 11:02:00,1191.3,1192.4,1190.7,1192,609350
2026-10-06 11:03:00,1192,1192.2,1191.5,1191.5,612045
2026-10-06 11:04:00,1191.5,1191.9,1191,1191.4,613515
2026-10-06 11:05:00,1191.4,1192.4,1191.2,1192.4,615370
2026-10-06 11:06:00,1192.4,1192.5,1191,1191,630839
2026-10-06 11:07:00,1191.1,1192.2,1191.1,1191.8,633059
2026-10-06 11:08:00,1191.8,1191.9,1191.3,1191.3,636820
2026-10-06 11:09:00,1191.3,1192.5,1191.1,1191.9,638421
2026-10-06 11:10:00,1191.9,1192.5,1191.8,1192.5,642122
2026-10-06 11:11:00,1192.5,1193.1,1192.4,1193.1,644477
2026-10-06 11:12:00,1193.1,1195.3,1192.3,1194.6,653802
2026-10-06 11:13:00,1194.6,1195.3,1194.2,1194.8,659109
2026-10-06 11:14:00,1194.8,1195.1,1193.9,1194,662949
2026-10-06 11:15:00,1194,1194.8,1193.3,1193.6,669746
2026-10-06 11:16:00,1193.6,1193.8,1191.3,1191.4,673547
2026-10-06 11:17:00,1191.4,1192,1190,1190.7,681069
2026-10-06 11:18:00,1190.7,1191.2,1190.3,1190.7,684496
2026-10-06 11:19:00,1190.7,1191.9,1190.6,1191.4,685688
2026-10-06 11:20:00,1191.4,1192.9,1191.4,1192.4,689584
2026-10-06 11:21:00,1192.3,1192.5,1191.6,1191.8,693082
2026-10-06 11:22:00,1191.7,1192.4,1191.5,1191.9,695147
2026-10-06 11:23:00,1191.9,1192.4,1191.9,1192.1,697806
2026-10-06 11:24:00,1192.1,1192.6,1191.9,1192.1,699499
2026-10-06 11:25:00,1192.1,1192.1,1191.2,1191.5,703022
2026-10-06 11:26:00,1191.5,1191.8,1191,1191.6,704788
2026-10-06 11:27:00,1191.6,1192,1191.3,1191.3,707189
2026-10-06 11:28:00,1191.3,1191.9,1191.2,1191.5,708647
2026-10-06 11:29:00,1191,1191.2,1190.7,1191.2,710656
2026-10-06 11:30:00,1190.8,1191.8,1190.7,1191.4,712602
2026-10-06 11:31:00,1191.4,1192,1191.3,1191.7,714346
2026-10-06 11:32:00,1191.8,1192,1191.7,1192,716380
2026-10-06 11:33:00,1192,1193.8,1191.9,1192.7,719852
2026-10-06 11:34:00,1192.7,1193.5,1192.3,1192.9,722379
2026-10-06 11:35:00,1192.6,1192.9,1192,1192.5,724098
2026-10-06 11:36:00,1192,1194.4,1191.9,1194.4,727418
2026-10-06 11:37:00,1194,1194.1,1193.5,1194,731536
2026-10-06 11:38:00,1194,1194.6,1193.6,1194.6,739311
2026-10-06 11:39:00,1194.6,1195,1194.4,1194.9,742917
2026-10-06 11:40:00,1194.9,1196.7,1194.5,1196.1,748671
2026-10-06 11:41:00,1196.1,1196.3,1195.6,1195.6,752843
2026-10-06 11:42:00,1195.7,1196,1195.4,1195.7,754486
2026-10-06 11:43:00,1195.7,1196.3,1195.6,1196.3,756703
2026-10-06 11:44:00,1196.2,1196.7,1195.9,1195.9,760777
2026-10-06 11:45:00,1196,1197,1195.9,1196.3,768137
2026-10-06 11:46:00,1196.3,1196.5,1196.1,1196.3,770295
2026-10-06 11:47:00,1196.3,1196.7,1196.2,1196.6,773013
2026-10-06 11:48:00,1196.6,1196.7,1196.3,1196.6,774855
2026-10-06 11:49:00,1196.6,1196.7,1193.7,1193.9,793237
2026-10-06 11:50:00,1193.8,1194.4,1193.4,1193.8,797112
2026-10-06 11:51:00,1192.5,1192.5,1192,1192,806481
2026-10-06 11:52:00,1191.9,1192.8,1191.6,1192.3,810204
2026-10-06 11:53:00,1192.3,1193.6,1192,1193.2,813842
2026-10-06 11:54:00,1193.2,1194.2,1192.8,1192.8,818342
2026-10-06 11:55:00,1192.9,1194,1192.5,1193.2,824894
2026-10-06 11:56:00,1193.2,1194.2,1193.1,1193.6,827803
2026-10-06 11:58:00,1193.5,1193.5,1193.2,1193.2,836292
2026-10-06 11:59:00,1193.2,1193.8,1192.5,1193.6,840788
2026-10-06 12:00:00,1193.6,1193.6,1192.8,1192.9,843820
2026-10-06 12:01:00,1192.9,1194.5,1192.9,1194.5,846246
2026-10-06 12:02:00,1194.1,1194.6,1194,1194.2,849005
2026-10-06 12:03:00,1194.3,1194.6,1194,1194.1,851736
2026-10-06 12:04:00,1194,1194.8,1193.9,1194.2,858181
2026-10-06 12:05:00,1194.3,1194.3,1193.8,1193.8,861145
2026-10-06 12:06:00,1193.8,1193.9,1193.1,1193.3,863870
2026-10-06 12:07:00,1193.3,1193.7,1193,1193.1,867398
2026-10-06 12:08:00,1193.1,1193.6,1193,1193.4,870552
2026-10-06 12:09:00,1193.4,1193.6,1192.9,1193,874592
2026-10-06 12:10:00,1193,1193,1192,1192.5,879782
2026-10-06 12:11:00,1192.5,1193.3,1192.4,1192.5,882430
2026-10-06 12:12:00,1192.5,1193.6,1192.4,1193.4,886438
2026-10-06 12:13:00,1193.6,1194,1192.5,1192.7,890627
2026-10-06 12:14:00,1192.7,1193.3,1192.1,1193.3,896150
2026-10-06 12:15:00,1193.3,1193.3,1192.7,1192.9,898709
2026-10-06 12:16:00,1192.9,1193.7,1192.8,1192.9,902826
2026-10-06 12:17:00,1192.9,1194.3,1192.9,1193.4,908728
2026-10-06 12:18:00,1193.4,1193.8,1192.2,1192.5,914662
2026-10-06 12:19:00,1192.3,1193.1,1192.1,1192.2,918393
2026-10-06 12:20:00,1192.2,1192.6,1192,1192.6,921402
2026-10-06 12:21:00,1192.2,1192.6,1191.8,1191.8,927337
2026-10-06 12:22:00,1191.8,1191.8,1191.1,1191.3,932952
2026-10-06 12:23:00,1190.4,1191,1189.5,1190,945939
2026-10-06 12:24:00,1190,1190.8,1189.8,1190.8,948413
2026-10-06 12:25:00,1190.8,1191.4,1190.2,1190.3,950703
