Timestamp,Open,High,Low,Close,Volume
2026-10-06 09:15:00,1018.00,1019.10,1014.60,1017.05,66935
2026-10-06 09:16:00,1017.00,1019.65,1016.25,1017.10,57372
2026-10-06 09:17:00,1017.40,1017.95,1015.20,1016.95,50006
2026-10-06 09:18:00,1017.25,1017.55,1016.30,1017.50,33877
2026-10-06 09:19:00,1017.55,1019.75,1017.50,1019.30,27397
2026-10-06 09:20:00,1019.30,1020.50,1018.25,1018.25,37349
2026-10-06 09:21:00,1018.25,1018.75,1016.85,1017.05,25734
2026-10-06 09:22:00,1017.05,1017.60,1016.15,1016.65,29351
2026-10-06 09:23:00,1016.75,1017.20,1016.50,1017.20,7730
2026-10-06 09:24:00,1017.20,1018.20,1016.40,1016.40,14465
2026-10-06 09:25:00,1014.80,1015.00,1014.05,1014.65,31884
2026-10-06 09:26:00,1015.10,1015.80,1014.85,1015.65,11917
2026-10-06 09:27:00,1015.50,1015.60,1014.55,1015.00,19842
2026-10-06 09:28:00,1015.00,1015.15,1014.05,1014.15,23130
2026-10-06 09:29:00,1014.15,1014.80,1013.35,1013.80,32894
2026-10-06 09:30:00,1013.75,1013.75,1012.85,1013.50,9756
2026-10-06 09:31:00,1013.50,1013.50,1012.30,1012.75,24146
2026-10-06 09:32:00,1012.70,1013.45,1012.15,1013.45,21098
2026-10-06 09:33:00,1013.45,1013.60,1013.00,1013.35,10051
2026-10-06 09:34:00,1013.50,1013.50,1012.65,1013.30,19688
2026-10-06 09:35:00,1013.50,1013.80,1012.75,1013.10,11331
2026-10-06 09:36:00,1013.10,1013.50,1012.80,1013.00,8497
2026-10-06 09:37:00,1013.35,1013.60,1013.20,1013.60,8295
2026-10-06 09:38:00,1013.70,1013.70,1013.60,1013.70,5277
2026-10-06 09:39:00,1013.50,1013.75,1012.80,1013.20,29484
2026-10-06 09:40:00,1013.15,1013.55,1013.15,1013.55,9544
2026-10-06 09:41:00,1013.55,1013.55,1012.40,1012.85,22443
2026-10-06 09:42:00,1012.50,1012.80,1010.55,1011.10,28932
2026-10-06 09:43:00,1011.00,1011.25,1010.60,1011.20,11192
2026-10-06 09:44:00,1011.20,1011.30,1010.30,1010.65,22501
2026-10-06 09:45:00,1010.75,1012.65,1010.75,1012.65,27059
2026-10-06 09:46:00,1012.65,1013.10,1012.65,1012.90,12805
2026-10-06 09:47:00,1012.90,1013.00,1012.45,1013.00,11661
2026-10-06 09:48:00,1013.00,1013.70,1013.00,1013.70,13270
2026-10-06 09:49:00,1013.70,1013.70,1013.30,1013.40,5331
2026-10-06 09:50:00,1013.40,1013.70,1012.75,1013.70,13355
2026-10-06 09:51:00,1013.70,1013.70,1013.00,1013.40,13107
2026-10-06 09:52:00,1013.50,1013.50,1012.90,1013.50,16399
2026-10-06 09:53:00,1013.55,1013.80,1013.20,1013.20,15590
2026-10-06 09:54:00,1013.25,1013.60,1013.25,1013.60,3716
2026-10-06 09:55:00,1013.60,1013.90,1013.40,1013.90,11811
2026-10-06 09:56:00,1014.00,1014.50,1013.55,1014.35,25421
2026-10-06 09:57:00,1014.35,1014.50,1014.00,1014.35,10545
2026-10-06 09:58:00,1014.35,1014.35,1012.75,1013.50,15331
2026-10-06 09:59:00,1013.40,1013.50,1012.80,1012.85,8689
2026-10-06 10:00:00,1012.95,1013.40,1012.85,1013.25,14662
2026-10-06 10:01:00,1012.95,1013.25,1012.80,1012.90,3923
2026-10-06 10:02:00,1013.00,1013.10,1012.00,1012.45,11241
2026-10-06 10:03:00,1012.45,1012.70,1012.40,1012.70,13526
2026-10-06 10:04:00,1012.40,1012.60,1011.70,1012.15,14629
2026-10-06 10:05:00,1012.30,1012.70,1012.30,1012.45,3316
2026-10-06 10:06:00,1012.40,1012.70,1012.10,1012.50,12455
2026-10-06 10:07:00,1012.35,1012.45,1011.05,1011.25,15301
2026-10-06 10:08:00,1011.25,1011.70,1011.10,1011.40,10607
2026-10-06 10:09:00,1011.40,1011.45,1009.15,1010.45,88432
2026-10-06 10:10:00,1010.45,1010.60,1009.30,1010.15,22562
2026-10-06 10:11:00,1010.20,1010.55,1009.80,1009.95,14443
2026-10-06 10:12:00,1009.90,1010.35,1009.85,1010.25,13178
2026-10-06 10:13:00,1010.25,1010.30,1009.75,1010.00,10725
2026-10-06 10:14:00,1010.00,1010.15,1009.85,1010.10,9187
2026-10-06 10:15:00,1010.10,1010.25,1009.60,1009.90,12840
2026-10-06 10:16:00,1009.90,1010.20,1009.75,1010.15,18619
2026-10-06 10:17:00,1010.00,1010.10,1009.50,1009.75,8928
2026-10-06 10:18:00,1009.80,1010.55,1009.25,1010.35,18499
2026-10-06 10:19:00,1010.35,1010.55,1010.15,1010.45,11034
2026-10-06 10:20:00,1010.40,1010.40,1009.55,1010.10,19426
2026-10-06 10:21:00,1010.10,1010.35,1009.80,1009.85,13186
2026-10-06 10:22:00,1009.90,1009.90,1009.30,1009.75,4779
2026-10-06 10:23:00,1009.60,1009.90,1009.60,1009.90,4376
2026-10-06 10:24:00,1010.05,1010.15,1009.90,1010.10,6255
2026-10-06 10:25:00,1009.85,1010.05,1009.70,1010.00,6502
2026-10-06 10:26:00,1010.00,1010.00,1008.55,1009.05,40210
2026-10-06 10:27:00,1009.00,1009.50,1009.00,1009.45,13923
2026-10-06 10:28:00,1009.40,1009.45,1009.05,1009.40,13846
2026-10-06 10:29:00,1009.45,1009.45,1008.50,1008.80,12699
2026-10-06 10:30:00,1008.60,1008.85,1008.50,1008.70,4970
2026-10-06 10:31:00,1008.70,1008.80,1008.50,1008.50,5256
2026-10-06 10:32:00,1008.75,1008.80,1007.65,1007.95,22475
2026-10-06 10:33:00,1008.15,1008.85,1008.00,1008.85,21340
2026-10-06 10:34:00,1009.20,1009.65,1008.90,1009.65,28224
2026-10-06 10:35:00,1009.50,1010.50,1009.50,1010.40,37562
2026-10-06 10:36:00,1010.45,1010.95,1009.85,1010.40,32305
2026-10-06 10:37:00,1010.35,1011.00,1010.35,1010.65,19020
2026-10-06 10:38:00,1010.65,1011.10,1010.60,1010.70,10709
2026-10-06 10:39:00,1011.10,1011.35,1010.70,1011.00,22140
2026-10-06 10:40:00,1011.25,1011.25,1010.20,1010.50,11726
2026-10-06 10:41:00,1010.20,1010.60,1010.10,1010.50,8455
2026-10-06 10:42:00,1010.35,1010.50,1010.20,1010.50,7673
2026-10-06 10:43:00,1010.40,1010.85,1010.20,1010.80,20669
2026-10-06 10:44:00,1010.75,1010.75,1010.15,1010.25,20806
2026-10-06 10:45:00,1010.25,1010.25,1008.90,1008.90,20395
2026-10-06 10:46:00,1008.90,1009.00,1008.65,1008.80,16054
2026-10-06 10:47:00,1009.15,1009.50,1009.10,1009.50,90085
2026-10-06 10:48:00,1009.60,1010.45,1009.50,1009.95,24655
2026-10-06 10:49:00,1010.05,1010.40,1009.60,1010.10,18048
2026-10-06 10:50:00,1010.15,1010.30,1009.85,1010.00,13193
2026-10-06 10:51:00,1010.05,1010.10,1009.70,1010.00,9314
2026-10-06 10:52:00,1010.05,1010.20,1009.85,1010.20,13944
2026-10-06 10:53:00,1010.15,1010.20,1009.50,1009.70,16675
2026-10-06 10:54:00,1009.70,1010.05,1009.50,1010.05,11789
2026-10-06 10:55:00,1010.05,1010.05,1009.05,1009.05,8412
2026-10-06 10:56:00,1009.20,1009.35,1008.60,1008.75,12667
2026-10-06 10:57:00,1008.80,1008.95,1008.50,1008.95,12283
2026-10-06 10:58:00,1009.00,1009.00,1008.25,1008.25,18122
2026-10-06 10:59:00,1008.30,1009.25,1008.15,1009.20,21793
2026-10-06 11:00:00,1009.20,1009.75,1008.75,1009.05,12180
2026-10-06 11:01:00,1009.05,1009.35,1008.75,1009.05,6222
2026-10-06 11:02:00,1009.30,1009.40,1009.00,1009.40,5756
2026-10-06 11:03:00,1009.10,1009.55,1009.10,1009.20,6944
2026-10-06 11:04:00,1009.30,1009.40,1009.00,1009.00,5605
2026-10-06 11:05:00,1009.15,1009.55,1009.15,1009.25,7629
2026-10-06 11:06:00,1009.50,1009.95,1009.00,1009.00,14878
2026-10-06 11:07:00,1009.10,1009.45,1009.00,1009.25,9519
2026-10-06 11:08:00,1009.35,1009.55,1009.20,1009.30,11679
2026-10-06 11:09:00,1009.35,1009.80,1009.25,1009.80,11282
2026-10-06 11:10:00,1009.55,1009.95,1009.50,1009.85,12174
2026-10-06 11:11:00,1009.75,1010.00,1009.45,1009.80,23643
2026-10-06 11:12:00,1009.60,1009.80,1009.00,1009.40,9622
2026-10-06 11:13:00,1009.40,1009.40,1008.65,1009.20,13287
2026-10-06 11:14:00,1009.25,1009.40,1008.90,1009.25,10619
2026-10-06 11:15:00,1009.10,1009.45,1009.10,1009.30,8917
2026-10-06 11:16:00,1009.45,1009.55,1008.65,1008.80,18187
2026-10-06 11:17:00,1008.65,1009.00,1008.65,1009.00,9855
2026-10-06 11:18:00,1009.00,1009.00,1008.70,1009.00,14442
2026-10-06 11:19:00,1008.80,1009.80,1008.80,1009.80,77204
2026-10-06 11:20:00,1009.90,1010.25,1009.25,1009.65,23419
2026-10-06 11:21:00,1009.40,1010.00,1009.00,1009.70,55902
2026-10-06 11:22:00,1009.90,1009.95,1009.20,1009.75,35070
2026-10-06 11:23:00,1009.75,1010.00,1009.00,1009.05,93461
2026-10-06 11:24:00,1009.25,1009.65,1009.00,1009.30,16961
2026-10-06 11:25:00,1009.65,1009.65,1008.95,1009.05,12875
2026-10-06 11:26:00,1009.05,1009.30,1008.75,1008.90,12323
2026-10-06 11:27:00,1008.95,1009.05,1008.75,1009.00,7544
2026-10-06 11:28:00,1009.00,1009.30,1009.00,1009.30,30542
2026-10-06 11:29:00,1009.30,1009.35,1008.80,1009.00,16329
2026-10-06 11:30:00,1009.00,1009.20,1008.80,1009.15,13498
2026-10-06 11:31:00,1009.00,1009.55,1008.95,1009.40,34686
2026-10-06 11:32:00,1009.30,1009.50,1008.85,1008.90,53632
2026-10-06 11:33:00,1009.00,1010.05,1009.00,1010.05,132021
2026-10-06 11:34:00,1010.05,1010.25,1009.7,1009.85,2825839
2026-10-06 11:35:00,1009.7,1010,1009.4,1010,2837207
2026-10-06 11:36:00,1009.8,1010,1009.8,1009.95,2853145
2026-10-06 11:37:00,1010,1010,1009.85,1009.95,2879808
2026-10-06 11:38:00,1010,1010.05,1009.85,1010,2910481
2026-10-06 11:39:00,1010,1010,1009.9,1009.9,2929246
2026-10-06 11:40:00,1009.9,1010,1009.85,1009.9,2943639
2026-10-06 11:41:00,1010,1010,1009.8,1009.95,2959171
2026-10-06 11:42:00,1009.95,1010,1009.85,1010,2973789
2026-10-06 11:43:00,1010,1010,1009.8,1010,2981674
2026-10-06 11:44:00,1010,1010,1008.9,1009,3002534
2026-10-06 11:45:00,1008.95,1010,1008.8,1009.6,3026909
2026-10-06 11:46:00,1009.6,1009.65,1008.8,1008.9,3043610
2026-10-06 11:47:00,1009,1009,1008.7,1009,3053350
2026-10-06 11:48:00,1008.85,1009,1008.65,1009,3065891
2026-10-06 11:49:00,1009,1009,1008.9,1008.9,3074659
2026-10-06 11:50:00,1008.9,1009,1008.55,1008.8,3082829
2026-10-06 11:51:00,1008.05,1008.05,1007.5,1007.65,3120217
2026-10-06 11:52:00,1007.75,1007.9,1007,1007.3,3145273
2026-10-06 11:53:00,1007.25,1008.15,1007,1008.15,3167232
2026-10-06 11:54:00,1008,1008.3,1007.5,1007.5,3250513
2026-10-06 11:55:00,1007.5,1007.85,1007.4,1007.55,3258005
2026-10-06 11:56:00,1007.5,1008.3,1007.5,1008.2,3263020
2026-10-06 11:58:00,1008.6,1008.6,1007.6,1007.6,3292451
2026-10-06 11:59:00,1007.6,1008,1007.55,1008,3300594
2026-10-06 12:00:00,1008,1008,1007.85,1007.9,3311278
2026-10-06 12:01:00,1008,1008.5,1007.9,1008.15,3409116
2026-10-06 12:02:00,1008.65,1009.05,1008.3,1009.05,3443531
2026-10-06 12:03:00,1009.1,1009.5,1008.5,1008.9,3465163
2026-10-06 12:04:00,1009,1009.6,1008.55,1009,3517534
2026-10-06 12:05:00,1008.9,1009,1008.6,1008.7,3524547
2026-10-06 12:06:00,1008.85,1008.85,1008,1008,3536071
2026-10-06 12:07:00,1008.2,1008.2,1007.15,1007.2,3563408
2026-10-06 12:08:00,1007.2,1007.55,1006.65,1007.55,3579692
2026-10-06 12:09:00,1007.6,1007.6,1006.8,1006.9,3605451
2026-10-06 12:10:00,1006.9,1007,1005.65,1006.8,3688584
2026-10-06 12:11:00,1006.8,1007.2,1006.3,1006.5,3709571
2026-10-06 12:12:00,1006.5,1006.65,1005.9,1006.65,3734889
2026-10-06 12:13:00,1006.65,1006.85,1006.2,1006.4,3743786
2026-10-06 12:14:00,1006.4,1006.4,1006,1006,3752582
2026-10-06 12:15:00,1006.2,1006.4,1006,1006.25,3756975
2026-10-06 12:16:00,1006.25,1006.3,1005.8,1006.05,3772366
2026-10-06 12:17:00,1006.05,1006.5,1006,1006.5,3784564
2026-10-06 12:18:00,1006.3,1006.5,1005.1,1005.15,3807331
2026-10-06 12:19:00,1005.1,1005.55,1005.1,1005.45,3817130
2026-10-06 12:20:00,1005.35,1005.65,1005.2,1005.55,3825391
2026-10-06 12:21:00,1005.8,1006,1005.45,1005.5,3845522
2026-10-06 12:22:00,1005.5,1005.55,1005.4,1005.55,3847057
2026-10-06 12:23:00,1005.9,1005.9,1005.3,1005.75,3860402
2026-10-06 12:24:00,1005.7,1006,1005.4,1005.9,3868460
2026-10-06 12:25:00,1006,1006,1005.55,1005.65,3880321
2026-10-06 12:26:00,1005.75,1005.75,1005.6,1005.6,3880338
