Timestamp,Open,High,Low,Close,Volume
1791171900,3717.0,3730.1,3707.8,3729.9,22072
1791171960,3728.8,3732.0,3722.0,3728.2,8334
1791172020,3728.5,3735.0,3726.1,3734.2,6327
1791172080,3733.4,3740.0,3733.4,3738.9,5183
1791172140,3740.0,3743.1,3737.7,3737.7,8809
1791172200,3739.5,3739.5,3732.0,3732.9,5132
1791172260,3733.0,3734.4,3728.7,3729.9,5195
1791172320,3730.2,3735.2,3730.2,3735.2,2704
1791172380,3735.6,3738.2,3735.6,3736.1,3103
1791172440,3736.4,3739.0,3735.0,3739.0,4217
1791172500,3738.3,3739.5,3734.6,3736.4,4465
1791172560,3736.2,3737.0,3734.0,3735.8,3984
1791172620,3734.4,3739.0,3734.4,3739.0,3258
1791172680,3739.6,3741.9,3737.9,3738.1,7457
1791172740,3738.1,3739.8,3737.7,3739.6,4877
1791172800,3739.6,3739.9,3737.5,3739.8,2346
1791172860,3739.2,3741.0,3738.3,3740.0,3440
1791172920,3740.9,3744.1,3740.2,3741.6,7162
1791172980,3741.1,3742.6,3735.1,3736.1,9281
1791173040,3736.1,3745.5,3735.5,3738.0,11533
1791173100,3739.2,3739.2,3733.1,3733.1,7002
1791173160,3734.4,3734.4,3729.9,3732.4,17249
1791173220,3732.4,3732.4,3728.6,3729.0,13843
1791173280,3729.0,3737.8,3728.7,3736.2,12735
1791173340,3737.4,3739.8,3737.0,3739.5,9295
1791173400,3739.5,3739.6,3731.0,3731.0,6734
1791173460,3731.0,3734.9,3730.5,3734.2,4924
1791173520,3734.2,3734.9,3732.7,3733.4,4554
1791173580,3732.9,3734.8,3732.4,3734.2,7171
1791173640,3734.0,3734.8,3733.0,3734.7,2818
1791173700,3735.0,3736.0,3733.0,3733.0,2516
1791173760,3733.0,3737.7,3732.1,3737.5,5266
1791173820,3737.9,3739.5,3736.9,3736.9,1267
1791173880,3737.0,3738.4,3735.7,3738.4,1325
1791173940,3738.5,3738.6,3734.5,3735.2,2282
1791174000,3734.5,3735.2,3733.7,3734.7,1374
1791174060,3734.8,3737.8,3734.2,3737.0,3250
1791174120,3737.0,3738.0,3736.6,3737.6,1495
1791174180,3737.4,3738.5,3735.6,3735.6,2281
1791174240,3735.5,3735.5,3733.8,3735.4,1476
1791174300,3737.0,3739.2,3736.9,3739.2,1671
1791174360,3739.2,3739.5,3736.5,3737.0,4103
1791174420,3737.6,3737.6,3734.9,3734.9,2466
1791174480,3734.0,3735.0,3733.0,3734.5,2548
1791174540,3732.7,3733.0,3731.2,3731.2,2632
1791174600,3731.6,3732.0,3729.8,3729.8,4869
1791174660,3730.7,3731.6,3726.2,3731.5,5201
1791174720,3731.5,3734.0,3731.0,3731.8,3618
1791174780,3732.7,3735.0,3732.7,3733.9,2786
1791174840,3733.9,3733.9,3729.5,3729.7,2447
1791174900,3730.9,3731.7,3728.7,3729.7,1581
1791174960,3729.7,3733.1,3729.7,3733.0,3664
1791175020,3733.0,3735.0,3731.9,3734.5,3088
1791175080,3734.7,3735.0,3732.6,3733.0,3078
1791175140,3733.0,3734.5,3733.0,3734.5,2096
1791175200,3734.5,3735.0,3733.7,3734.1,1155
1791175260,3734.4,3736.5,3733.4,3735.0,1389
1791175320,3735.5,3737.0,3735.0,3736.9,1135
1791175380,3737.0,3738.0,3736.2,3737.2,1733
1791175440,3737.8,3738.2,3735.0,3735.0,1410
1791175500,3735.0,3735.0,3733.2,3734.6,1561
1791175560,3735.3,3737.2,3735.3,3737.0,2105
1791175620,3736.8,3738.9,3736.1,3737.4,1110
1791175680,3737.4,3737.4,3734.5,3736.6,1542
1791175740,3736.5,3736.5,3735.0,3735.6,1122
1791175800,3735.6,3736.2,3734.7,3736.1,1170
1791175860,3736.1,3736.9,3733.9,3735.1,1293
1791175920,3734.2,3735.1,3732.1,3733.2,1219
1791175980,3733.2,3736.0,3732.3,3734.7,2172
1791176040,3734.7,3736.1,3730.4,3730.7,2094
1791176100,3730.7,3730.7,3727.1,3727.1,2867
1791176160,3725.0,3729.4,3725.0,3728.0,7511
1791176220,3727.8,3732.1,3724.5,3728.0,7141
1791176280,3729.1,3735.0,3728.0,3734.9,5449
1791176340,3734.9,3736.0,3733.7,3734.6,2438
1791176400,3734.6,3736.8,3734.0,3734.9,4028
1791176460,3735.0,3739.0,3734.9,3738.7,4724
1791176520,3738.5,3739.5,3738.0,3739.5,2450
1791176580,3739.5,3740.0,3737.5,3739.0,2016
1791176640,3739.6,3740.0,3737.8,3739.6,1412
1791176700,3739.6,3739.6,3733.5,3734.9,2605
1791176760,3736.2,3737.5,3734.4,3737.3,1941
1791176820,3737.3,3739.0,3735.8,3736.7,1099
1791176880,3736.7,3736.7,3732.5,3732.9,1305
1791176940,3732.8,3733.2,3729.0,3729.1,3745
1791177000,3727.6,3731.5,3726.3,3730.7,6068
1791177060,3730.7,3730.7,3729.1,3730.2,2345
1791177120,3730.2,3732.0,3729.0,3729.0,2080
1791177180,3729.6,3732.0,3728.0,3728.8,6859
1791177240,3728.8,3730.7,3727.6,3729.1,3636
1791177300,3729.0,3729.0,3727.2,3727.2,2017
1791177360,3727.0,3727.5,3724.7,3724.7,3929
1791177420,3724.0,3725.9,3723.5,3725.0,5028
1791177480,3725.9,3727.6,3725.9,3726.9,3490
1791177540,3726.9,3726.9,3725.9,3726.5,1939
1791177600,3726.5,3728.0,3725.4,3726.4,10804
1791177660,3725.5,3729.0,3725.2,3729.0,31247
1791177720,3729.0,3729.0,3724.4,3727.2,9385
1791177780,3726.6,3728.7,3722.5,3722.6,4396
1791177840,3722.7,3724.0,3722.7,3723.5,2514
1791177900,3722.1,3722.9,3720.5,3722.4,7910
1791177960,3722.5,3724.9,3722.5,3724.0,2199
1791178020,3723.3,3724.7,3722.8,3724.1,5422
1791178080,3724.1,3725.0,3723.4,3725.0,2082
1791178140,3725.0,3725.5,3724.0,3724.0,12205
1791178200,3724.1,3725.0,3724.1,3725.0,8125
1791178260,3725.0,3727.9,3724.7,3727.9,20282
1791178320,3727.9,3729.8,3725.3,3725.3,13933
1791178380,3726.8,3727.0,3724.5,3725.9,4199
1791178440,3725.9,3725.9,3724.1,3725.0,1068
1791178500,3725.0,3725.5,3723.3,3725.5,6577
1791178560,3725.5,3725.5,3724.9,3725.0,2477
1791178620,3725.0,3725.0,3724.4,3725.0,581
1791178680,3725.0,3725.3,3724.4,3725.3,5664
1791178740,3725.0,3727.3,3724.0,3726.0,13882
1791178800,3726.0,3733.0,3726.0,3733.0,14608
1791178860,3733.0,3735.7,3730.0,3731.5,16874
1791178920,3731.5,3733.7,3728.7,3733.7,29275
1791178980,3733.7,3733.8,3733.3,3733.8,2434
1791179040,3733.8,3735.3,3732.2,3735.3,2162
1791179100,3735.8,3736.3,3732.0,3734.0,6267
1791179160,3734.8,3734.8,3729.9,3730.5,2682
1791179220,3730.5,3732.5,3727.9,3729.4,3838
1791179280,3730.0,3736.0,3729.7,3735.1,5764
1791179340,3735.1,3735.1,3728.4,3733.0,41932
1791179400,3733.0,3736.5,3732.9,3735.7,1610
1791179460,3735.7,3735.7,3733.4,3733.9,4242
1791179520,3733.9,3734.0,3729.7,3730.5,2804
1791179580,3729.6,3729.8,3726.0,3727.2,2345
1791179640,3726.7,3731.0,3726.4,3730.6,2406
1791179700,3730.6,3732.0,3729.8,3730.2,4212
1791179760,3730.6,3730.6,3729.0,3729.0,602
1791179820,3729.0,3729.0,3728.3,3728.4,666
1791179880,3728.4,3731.0,3728.4,3731.0,4168
1791179940,3731.0,3734.9,3730.6,3734.7,29750
1791180000,3734.7,3737.0,3734.7,3737.0,2158
1791180060,3737.0,3738.0,3736.5,3736.7,5120
1791180120,3737.4,3739.0,3736.8,3739.0,2730
1791180180,3738.5,3739.1,3736.6,3736.6,6773
1791180240,3737.3,3737.3,3732.8,3733.3,13239
1791180300,3733.3,3734.0,3731.8,3733.8,2675
1791180360,3733.2,3733.8,3731.4,3731.5,3382
1791180420,3731.5,3733.8,3729.9,3730.0,5749
1791180480,3730.6,3731.0,3728.5,3728.5,2655
1791180540,3729.1,3729.9,3726.5,3729.9,5277
1791180600,3729.4,3730.0,3727.8,3730.0,2136
1791180660,3730.0,3731.4,3729.0,3730.8,2205
1791180720,3730.7,3731.3,3730.7,3731.2,1760
1791180780,3731.1,3731.1,3728.4,3729.8,1506
1791180840,3729.9,3730.0,3729.4,3729.9,1577
1791180900,3729.4,3729.9,3729.0,3729.3,1670
1791180960,3730.0,3730.0,3729.4,3729.9,9060
1791181020,3729.9,3731.0,3729.7,3729.7,4282
1791181080,3729.4,3729.4,3728.2,3729.0,810
1791181140,3729.0,3730.0,3728.0,3729.2,4966
1791181200,3729.1,3729.1,3725.2,3726.9,2713
1791181260,3726.9,3727.6,3724.0,3724.8,8814
1791181320,3724.8,3725.0,3723.7,3725.0,2872
1791181380,3725.0,3729.7,3725.0,3729.7,11796
1791181440,3728.0,3729.7,3727.8,3727.8,7269
1791181500,3727.6,3728.6,3727.6,3728.5,6467
1791181560,3728.5,3728.5,3728.3,3728.5,5445
1791181620,3728.5,3728.5,3727.6,3728.0,1837
1791181680,3728.0,3728.0,3725.2,3727.0,12117
1791181740,3727.0,3727.0,3725.3,3725.6,1598
1791181800,3725.6,3725.6,3721.8,3723.7,15144
1791181860,3723.7,3724.8,3721.2,3723.8,2981
1791181920,3723.8,3727.3,3723.8,3725.5,12742
1791181980,3725.5,3729.1,3725.5,3728.8,9196
1791182040,3728.7,3732.0,3728.3,3731.3,5811
1791182100,3731.4,3731.4,3729.5,3730.6,1657
1791182160,3730.3,3730.3,3726.0,3726.0,3706
1791182220,3725.8,3725.8,3722.4,3725.1,4001
1791182280,3724.6,3724.6,3721.0,3722.2,4000
1791182340,3722.4,3726.6,3722.0,3726.6,2780
1791182400,3726.4,3727.0,3724.1,3726.0,2317
1791182460,3726.0,3727.8,3725.9,3727.6,1572
1791182520,3727.7,3729.1,3726.6,3726.6,2055
1791182580,3725.7,3726.6,3725.7,3726.1,2277
1791182640,3726.0,3728.0,3726.0,3727.8,1139
1791182700,3727.8,3729.0,3726.0,3728.6,2479
1791182760,3727.9,3729.1,3727.1,3729.1,1203
1791182820,3729.1,3729.9,3729.0,3729.9,627
1791182880,3729.9,3731.0,3729.9,3731.0,1438
1791182940,3731.0,3731.4,3731.0,3731.3,1485
1791183000,3731.3,3732.4,3731.3,3732.0,3189
1791183060,3731.8,3731.8,3731.3,3731.7,1978
1791183120,3731.6,3734.8,3731.6,3734.8,3289
1791183180,3734.9,3737.2,3734.7,3734.8,6450
1791183240,3734.8,3736.6,3732.0,3732.2,3082
1791183300,3732.2,3735.3,3732.0,3735.2,2538
1791183360,3735.2,3735.7,3732.1,3733.7,4856
1791183420,3733.6,3734.6,3732.6,3734.5,914
1791183480,3734.5,3734.5,3730.9,3730.9,9525
1791183540,3728.9,3731.7,3728.1,3729.1,19828
1791183600,3729.1,3730.0,3725.4,3728.5,6983
1791183660,3730.0,3730.0,3726.8,3727.1,4479
1791183720,3727.1,3728.9,3726.1,3727.5,2875
1791183780,3727.5,3727.5,3726.0,3726.6,1525
1791183840,3726.6,3727.0,3725.1,3726.5,4106
1791183900,3726.1,3728.1,3725.0,3726.9,3700
1791183960,3726.9,3726.9,3725.4,3726.5,1225
1791184020,3726.5,3726.9,3725.0,3726.0,1512
1791184080,3726.0,3726.3,3725.8,3726.2,1001
1791184140,3726.2,3726.3,3725.0,3725.9,4135
1791184200,3725.9,3727.6,3724.4,3725.0,8101
1791184260,3725.0,3725.0,3724.1,3725.0,2064
1791184320,3725.0,3725.0,3721.9,3722.8,16051
1791184380,3723.4,3723.8,3722.2,3723.4,5834
1791184440,3723.4,3723.4,3720.6,3721.9,10791
1791184500,3721.9,3724.7,3721.4,3723.3,7462
1791184560,3723.3,3724.0,3722.0,3723.9,14547
1791184620,3724.0,3726.4,3723.9,3726.2,1789
1791184680,3726.0,3726.1,3721.3,3722.7,23329
1791184740,3722.7,3722.7,3720.1,3720.7,3715
1791184800,3720.7,3723.0,3720.0,3722.0,4128
1791184860,3722.5,3725.8,3722.0,3724.5,16485
1791184920,3724.4,3724.4,3722.2,3722.2,8036
1791184980,3723.2,3723.2,3721.6,3721.6,2669
1791185040,3721.6,3721.6,3720.0,3721.1,4716
1791185100,3721.1,3722.7,3720.8,3721.0,3438
1791185160,3721.0,3722.9,3719.4,3719.4,36462
1791185220,3722.0,3724.7,3719.2,3722.9,15785
1791185280,3722.9,3723.7,3719.0,3720.6,3547
1791185340,3720.6,3720.6,3718.6,3719.7,1913
1791185400,3719.7,3720.3,3718.6,3719.4,2569
1791185460,3719.4,3722.3,3719.4,3721.2,2172
1791185520,3721.2,3722.0,3720.2,3722.0,1907
1791185580,3722.0,3723.2,3721.2,3721.5,4679
1791185640,3722.0,3722.5,3720.0,3721.7,9376
1791185700,3721.4,3722.3,3720.1,3722.0,6003
1791185760,3722.0,3724.9,3721.5,3724.3,10906
1791185820,3724.9,3724.9,3721.0,3721.7,8011
1791185880,3721.7,3724.1,3721.7,3723.0,1947
1791185940,3723.0,3723.0,3723.0,3723.0,0
1791186120,3721.5,3721.5,3717.1,3717.1,1328622
1791186180,3717.1,3718.7,3716.3,3718.7,1331463
1791186240,3718.7,3719.6,3717.1,3717.6,1333978
1791186300,3717.6,3719.5,3717.4,3718,1335974
1791186360,3718,3722,3717.8,3720.4,1364348
1791186420,3720.3,3721.8,3718.6,3721.8,1369608
1791186480,3721.8,3724.7,3721.8,3724.7,1376057
1791186540,3724.7,3729.4,3724.7,3729.1,1384465
1791186600,3729.1,3729.5,3724.2,3727.1,1389209
1791186720,3726.1,3726.1,3724.4,3724.9,1408708
1791186780,3725,3725,3722.7,3723.6,1421029
1791186840,3723.6,3723.6,3722.2,3722.3,1425951
1791186900,3722.3,3722.3,3720.9,3721.5,1427808
1791186960,3721.5,3721.5,3720.3,3720.4,1430567
1791187020,3720.4,3721.3,3719.5,3719.5,1432280
1791187080,3719.5,3720,3719.4,3720,1433288
1791187140,3720,3720.5,3719.7,3720.5,1436519
1791187200,3720.5,3722.4,3719.9,3722,1447453
1791187260,3722,3723.4,3720.8,3722.5,1456312
1791188220,3731.8,3733.4,3730.7,3732.9,1619622
1791188280,3733.3,3733.3,3731.3,3731.9,1621549
1791188340,3732.6,3735,3731.2,3734,1625902
1791188400,3733,3734,3732.4,3733.6,1627515
1791188460,3733.6,3734.5,3733,3733.5,1628271
