Timestamp,Open,High,Low,Close,Volume
2026-10-05 09:15:00,959.0,962.0,956.65,961.0,152974
2026-10-05 09:16:00,961.0,963.8,960.05,963.8,70725
2026-10-05 09:17:00,963.8,965.4,963.0,965.0,73353
2026-10-05 09:18:00,965.0,966.9,963.85,966.3,63066
2026-10-05 09:19:00,966.3,968.1,965.95,967.8,39152
2026-10-05 09:20:00,968.0,969.45,967.85,968.1,52890
2026-10-05 09:21:00,968.1,968.1,965.75,966.55,41113
2026-10-05 09:22:00,966.55,968.0,966.0,967.6,19718
2026-10-05 09:23:00,967.85,968.35,967.1,967.35,32594
2026-10-05 09:24:00,967.1,967.7,967.0,967.35,30277
2026-10-05 09:25:00,967.75,968.4,967.3,967.55,42026
2026-10-05 09:26:00,967.5,968.0,967.0,967.95,56618
2026-10-05 09:27:00,968.0,968.0,967.1,967.55,10213
2026-10-05 09:28:00,967.6,967.9,967.35,967.65,16156
2026-10-05 09:29:00,967.75,967.75,967.1,967.65,31050
2026-10-05 09:30:00,967.65,968.35,967.35,968.25,26635
2026-10-05 09:31:00,968.05,968.3,967.85,968.0,10701
2026-10-05 09:32:00,967.85,968.3,967.85,968.15,41979
2026-10-05 09:33:00,967.75,967.9,966.35,966.5,58362
2026-10-05 09:34:00,966.8,967.3,966.5,966.55,6953
2026-10-05 09:35:00,966.65,967.0,966.2,966.65,13831
2026-10-05 09:36:00,966.65,966.65,966.2,966.4,9305
2026-10-05 09:37:00,966.45,966.45,965.35,965.35,37119
2026-10-05 09:38:00,965.2,965.85,965.0,965.55,17241
2026-10-05 09:39:00,965.8,965.8,965.15,965.45,31027
2026-10-05 09:40:00,965.1,965.1,964.6,964.95,21435
2026-10-05 09:41:00,964.95,965.4,964.6,964.95,23188
2026-10-05 09:42:00,964.8,964.95,964.4,964.4,17262
2026-10-05 09:43:00,964.3,964.6,964.05,964.6,25813
2026-10-05 09:44:00,964.45,964.75,964.3,964.75,5415
2026-10-05 09:45:00,964.75,965.45,964.75,965.35,13802
2026-10-05 09:46:00,965.3,966.85,965.3,966.0,11562
2026-10-05 09:47:00,966.25,966.25,965.9,966.0,7727
2026-10-05 09:48:00,966.15,966.25,965.7,965.9,6067
2026-10-05 09:49:00,965.95,966.25,965.9,966.15,12059
2026-10-05 09:50:00,966.0,966.1,965.95,966.0,4955
2026-10-05 09:51:00,966.0,966.35,965.9,966.0,8979
2026-10-05 09:52:00,965.7,967.0,965.5,966.95,22373
2026-10-05 09:53:00,966.65,967.8,966.65,967.5,38223
2026-10-05 09:54:00,967.2,967.8,967.05,967.3,14261
2026-10-05 09:55:00,967.5,968.5,967.5,968.1,63659
2026-10-05 09:56:00,968.2,968.3,967.4,967.4,12330
2026-10-05 09:57:00,967.5,967.6,966.8,967.4,11278
2026-10-05 09:58:00,967.1,967.5,966.55,966.7,17577
2026-10-05 09:59:00,966.3,966.65,965.5,965.85,13646
2026-10-05 10:00:00,965.95,966.25,965.25,965.5,25004
2026-10-05 10:01:00,965.55,965.8,964.35,965.0,22331
2026-10-05 10:02:00,965.0,965.0,964.05,964.7,20797
2026-10-05 10:03:00,964.7,965.35,964.5,965.15,8482
2026-10-05 10:04:00,965.0,965.3,964.7,965.05,11313
2026-10-05 10:05:00,965.1,965.3,964.6,965.0,23494
2026-10-05 10:06:00,965.3,966.25,965.15,966.1,16949
2026-10-05 10:07:00,966.25,966.4,965.9,966.1,18662
2026-10-05 10:08:00,966.1,966.1,965.65,966.0,6051
2026-10-05 10:09:00,966.0,966.8,965.85,966.5,14495
2026-10-05 10:10:00,966.85,967.65,966.85,967.25,24064
2026-10-05 10:11:00,967.25,967.3,966.0,966.85,21277
2026-10-05 10:12:00,966.65,966.7,965.45,965.75,27414
2026-10-05 10:13:00,965.75,966.85,965.75,966.2,7681
2026-10-05 10:14:00,966.55,966.6,965.4,965.5,14915
2026-10-05 10:15:00,965.4,965.75,965.15,965.45,6334
2026-10-05 10:16:00,965.65,967.1,965.45,967.1,7935
2026-10-05 10:17:00,967.25,967.8,967.05,967.5,17200
2026-10-05 10:18:00,967.4,967.45,967.0,967.05,8344
2026-10-05 10:19:00,967.25,967.45,967.0,967.4,7283
2026-10-05 10:20:00,967.35,967.35,966.7,967.0,9244
2026-10-05 10:21:00,967.0,967.0,966.2,966.35,8909
2026-10-05 10:22:00,966.35,966.35,965.95,966.35,10890
2026-10-05 10:23:00,966.35,966.9,965.25,966.15,46040
2026-10-05 10:24:00,965.8,966.25,965.15,965.35,5309
2026-10-05 10:25:00,965.3,965.3,964.25,964.25,10975
2026-10-05 10:26:00,964.3,964.3,963.6,964.1,24305
2026-10-05 10:27:00,964.1,964.75,964.0,964.3,11918
2026-10-05 10:28:00,964.9,966.5,964.9,966.3,28710
2026-10-05 10:29:00,966.3,966.5,965.75,965.75,21162
2026-10-05 10:30:00,965.85,965.85,965.55,965.55,3655
2026-10-05 10:31:00,965.65,966.25,965.6,966.0,10808
2026-10-05 10:32:00,965.95,966.1,965.6,965.7,6236
2026-10-05 10:33:00,965.7,965.7,965.5,965.5,2283
2026-10-05 10:34:00,965.6,966.0,965.5,966.0,5863
2026-10-05 10:35:00,966.0,966.0,964.9,965.05,25998
2026-10-05 10:36:00,965.05,965.25,964.75,965.1,7986
2026-10-05 10:37:00,965.25,965.5,964.85,964.9,6078
2026-10-05 10:38:00,964.7,964.85,964.0,964.2,23911
2026-10-05 10:39:00,964.15,964.15,963.45,963.45,34942
2026-10-05 10:40:00,963.55,964.25,963.3,963.9,10834
2026-10-05 10:41:00,964.0,964.5,963.8,964.35,8494
2026-10-05 10:42:00,964.5,964.95,964.25,964.25,10903
2026-10-05 10:43:00,964.3,964.3,963.8,964.0,26950
2026-10-05 10:44:00,964.0,964.0,962.9,963.0,66365
2026-10-05 10:45:00,963.0,963.2,962.7,962.8,20869
2026-10-05 10:46:00,962.9,962.9,962.3,962.4,19984
2026-10-05 10:47:00,962.3,962.95,962.25,962.9,15362
2026-10-05 10:48:00,962.8,963.2,962.75,963.0,7853
2026-10-05 10:49:00,963.2,963.4,963.0,963.05,6392
2026-10-05 10:50:00,963.15,963.3,962.55,962.85,26135
2026-10-05 10:51:00,962.75,963.3,962.75,963.2,12248
2026-10-05 10:52:00,963.1,963.2,962.75,962.75,9855
2026-10-05 10:53:00,962.95,963.25,962.8,963.0,13708
2026-10-05 10:54:00,962.9,962.95,962.4,962.5,11035
2026-10-05 10:55:00,962.3,962.45,961.75,962.45,25118
2026-10-05 10:56:00,962.45,962.9,962.05,962.2,14324
2026-10-05 10:57:00,962.25,962.35,962.0,962.35,9104
2026-10-05 10:58:00,962.35,962.5,962.05,962.3,15880
2026-10-05 10:59:00,962.4,962.95,961.05,961.1,28867
2026-10-05 11:00:00,961.1,961.95,961.05,961.75,18658
2026-10-05 11:01:00,961.8,961.9,961.5,961.65,10664
2026-10-05 11:02:00,961.7,961.8,960.65,960.9,56551
2026-10-05 11:03:00,960.95,962.0,960.75,961.95,94100
2026-10-05 11:04:00,961.95,961.95,960.8,961.5,43157
2026-10-05 11:05:00,961.5,961.8,961.25,961.65,12928
2026-10-05 11:06:00,961.65,961.7,961.2,961.5,32399
2026-10-05 11:07:00,961.6,961.7,960.8,961.15,20716
2026-10-05 11:08:00,961.0,961.3,960.55,960.65,16301
2026-10-05 11:09:00,960.85,961.15,959.95,959.95,102058
2026-10-05 11:10:00,960.0,960.75,959.95,960.5,21821
2026-10-05 11:11:00,960.3,960.8,960.0,960.55,18638
2026-10-05 11:12:00,960.55,960.7,960.1,960.1,19465
2026-10-05 11:13:00,960.1,960.95,960.1,960.7,8343
2026-10-05 11:14:00,960.95,960.95,960.35,960.65,12511
2026-10-05 11:15:00,960.95,961.0,960.6,960.95,12384
2026-10-05 11:16:00,960.7,960.85,960.3,960.7,10547
2026-10-05 11:17:00,960.7,960.9,960.6,960.7,9718
2026-10-05 11:18:00,960.8,961.0,959.8,960.0,130183
2026-10-05 11:19:00,960.2,960.75,959.8,960.75,19622
2026-10-05 11:20:00,960.65,961.5,960.4,961.5,7814
2026-10-05 11:21:00,961.5,961.5,960.85,961.1,8910
2026-10-05 11:22:00,961.05,961.1,960.5,960.5,12390
2026-10-05 11:23:00,960.45,960.45,959.4,959.8,28266
2026-10-05 11:24:00,959.8,960.4,959.55,960.2,8210
2026-10-05 11:25:00,960.2,960.35,960.05,960.15,9474
2026-10-05 11:26:00,960.25,960.4,959.85,960.1,8274
2026-10-05 11:27:00,960.15,960.65,959.95,960.6,7765
2026-10-05 11:28:00,960.6,961.0,960.3,961.0,6092
2026-10-05 11:29:00,960.9,961.3,960.9,960.95,11555
2026-10-05 11:30:00,961.0,961.4,960.6,961.0,100147
2026-10-05 11:31:00,961.0,961.5,960.6,960.95,25476
2026-10-05 11:32:00,961.0,961.7,960.95,961.6,12646
2026-10-05 11:33:00,961.7,962.2,961.5,961.55,13440
2026-10-05 11:34:00,961.45,961.7,961.0,961.1,14598
2026-10-05 11:35:00,961.05,961.05,960.6,960.65,16763
2026-10-05 11:36:00,960.5,960.65,960.1,960.3,14887
2026-10-05 11:37:00,960.5,960.9,960.1,960.8,8604
2026-10-05 11:38:00,960.65,960.65,960.0,960.25,10398
2026-10-05 11:39:00,960.2,960.7,960.0,960.65,12769
2026-10-05 11:40:00,960.55,960.7,960.1,960.65,7347
2026-10-05 11:41:00,960.55,961.0,960.35,960.4,8722
2026-10-05 11:42:00,960.45,960.95,959.25,959.7,25837
2026-10-05 11:43:00,959.3,959.55,959.0,959.1,11896
2026-10-05 11:44:00,959.1,959.3,957.3,957.6,60344
2026-10-05 11:45:00,957.6,957.6,957.0,957.35,18509
2026-10-05 11:46:00,957.45,957.7,957.05,957.5,9270
2026-10-05 11:47:00,957.5,957.85,957.5,957.5,9266
2026-10-05 11:48:00,957.55,957.85,957.25,957.8,8465
2026-10-05 11:49:00,957.6,957.7,957.4,957.5,8739
2026-10-05 11:50:00,957.5,957.55,956.0,956.65,30982
2026-10-05 11:51:00,956.95,956.95,956.4,956.65,14065
2026-10-05 11:52:00,956.5,956.95,956.35,956.95,97051
2026-10-05 11:53:00,957.0,958.0,956.85,957.5,34541
2026-10-05 11:54:00,957.5,958.35,957.5,957.85,11266
2026-10-05 11:55:00,957.85,958.45,957.65,958.1,11056
2026-10-05 11:56:00,958.1,958.35,957.5,958.0,8614
2026-10-05 11:57:00,958.2,958.65,958.0,958.4,8548
2026-10-05 11:58:00,958.4,958.4,958.0,958.0,8367
2026-10-05 11:59:00,957.9,958.05,957.45,957.6,4682
2026-10-05 12:00:00,957.6,957.6,957.0,957.2,10325
2026-10-05 12:01:00,957.2,957.8,957.1,957.3,7315
2026-10-05 12:02:00,957.3,958.3,957.3,958.1,12612
2026-10-05 12:03:00,958.05,958.55,958.0,958.55,12164
2026-10-05 12:04:00,958.5,958.7,958.3,958.55,5270
2026-10-05 12:05:00,958.6,958.65,958.15,958.3,10421
2026-10-05 12:06:00,958.4,958.4,957.7,957.9,10255
2026-10-05 12:07:00,957.7,957.85,957.05,957.7,6550
2026-10-05 12:08:00,957.6,957.6,956.45,957.25,17569
2026-10-05 12:09:00,957.1,957.5,957.0,957.4,9829
2026-10-05 12:10:00,957.5,957.6,957.0,957.45,7618
2026-10-05 12:11:00,957.3,957.85,957.3,957.85,5776
2026-10-05 12:12:00,957.8,958.15,957.5,957.55,9015
2026-10-05 12:13:00,957.5,957.75,957.2,957.3,12267
2026-10-05 12:14:00,957.55,957.75,957.15,957.4,4682
2026-10-05 12:15:00,957.4,957.7,957.25,957.5,8696
2026-10-05 12:16:00,957.5,957.5,956.6,957.0,14325
2026-10-05 12:17:00,957.0,957.45,956.8,957.2,48960
2026-10-05 12:18:00,957.2,957.65,956.9,957.3,10156
2026-10-05 12:19:00,957.5,957.65,957.45,957.45,10626
2026-10-05 12:20:00,957.4,958.7,957.4,957.95,11966
2026-10-05 12:21:00,957.95,958.3,957.8,958.0,7003
2026-10-05 12:22:00,958.0,958.6,958.0,958.4,7974
2026-10-05 12:23:00,958.4,958.55,957.65,957.65,38722
2026-10-05 12:24:00,957.85,958.0,957.0,957.15,11377
2026-10-05 12:25:00,957.15,958.0,957.0,957.85,8336
2026-10-05 12:26:00,957.7,957.9,957.4,957.45,11463
2026-10-05 12:27:00,957.45,957.9,957.45,957.8,8799
2026-10-05 12:28:00,957.9,958.0,957.75,957.95,55920
2026-10-05 12:29:00,957.85,958.5,957.65,958.0,33562
2026-10-05 12:30:00,958.15,959.0,957.65,958.15,67330
2026-10-05 12:31:00,958.2,958.55,957.5,957.65,24572
2026-10-05 12:32:00,957.65,957.85,957.5,957.75,7140
2026-10-05 12:33:00,957.8,958.0,957.7,957.95,5431
2026-10-05 12:34:00,957.8,957.9,957.65,957.65,17523
2026-10-05 12:35:00,957.75,959.0,957.65,958.8,13894
2026-10-05 12:36:00,958.95,959.25,958.0,958.25,39695
2026-10-05 12:37:00,958.4,958.65,957.95,958.5,72515
2026-10-05 12:38:00,958.55,958.95,958.0,958.25,18721
2026-10-05 12:39:00,958.4,958.6,958.05,958.2,3617
2026-10-05 12:40:00,958.3,959.0,958.2,958.45,16036
2026-10-05 12:41:00,958.7,958.95,958.45,958.85,7314
2026-10-05 12:42:00,958.8,959.25,958.7,959.25,9642
2026-10-05 12:43:00,959.1,959.45,958.6,958.95,12980
2026-10-05 12:44:00,958.95,958.95,958.55,958.9,4850
2026-10-05 12:45:00,958.65,959.3,958.65,959.25,11409
2026-10-05 12:46:00,959.25,960.3,959.0,959.75,29762
2026-10-05 12:47:00,959.9,960.1,959.5,959.5,13972
2026-10-05 12:48:00,959.55,959.9,959.3,959.3,12522
2026-10-05 12:49:00,959.5,959.5,958.35,958.35,21350
2026-10-05 12:50:00,958.5,959.0,958.35,959.0,38764
2026-10-05 12:51:00,959.0,959.6,958.85,958.85,40108
2026-10-05 12:52:00,958.85,959.1,957.8,957.85,51337
2026-10-05 12:53:00,957.85,958.0,957.55,957.55,17958
2026-10-05 12:54:00,957.65,957.65,956.85,957.1,26004
2026-10-05 12:55:00,957.1,957.95,957.1,957.65,16658
2026-10-05 12:56:00,957.9,958.0,957.35,957.95,41996
2026-10-05 12:57:00,958.0,958.0,957.7,957.95,16553
2026-10-05 12:58:00,957.95,958.6,957.9,957.9,39555
2026-10-05 12:59:00,957.9,958.0,957.75,958.0,12261
2026-10-05 13:00:00,957.95,958.0,957.5,957.5,12684
2026-10-05 13:01:00,957.55,958.0,957.55,958.0,6667
2026-10-05 13:02:00,957.95,958.45,957.95,958.45,12975
2026-10-05 13:03:00,958.35,958.7,958.25,958.35,11824
2026-10-05 13:04:00,958.35,959.45,958.15,959.2,13516
2026-10-05 13:05:00,959.0,959.2,958.7,958.85,15082
2026-10-05 13:06:00,958.9,958.9,958.2,958.2,11193
2026-10-05 13:07:00,958.25,958.9,958.2,958.55,19326
2026-10-05 13:08:00,958.55,958.9,958.55,958.85,5866
2026-10-05 13:09:00,958.85,958.9,958.85,958.9,0
2026-10-05 13:12:00,958.55,958.65,957.8,958.05,5194867
2026-10-05 13:13:00,958.2,958.55,957.9,958.5,5203152
2026-10-05 13:14:00,958.5,958.7,958.35,958.45,5206547
2026-10-05 13:15:00,958.45,958.9,958.2,958.3,5214893
2026-10-05 13:16:00,958.3,958.5,957.75,957.75,5222061
2026-10-05 13:17:00,957.75,958.1,957.7,958.05,5230405
2026-10-05 13:18:00,958.05,958.9,958,958.55,5248551
2026-10-05 13:19:00,958.55,958.85,958.3,958.3,5264737
2026-10-05 13:20:00,958.3,958.65,958.2,958.45,5269101
2026-10-05 13:22:00,959.2,959.3,959.05,959.05,5295653
2026-10-05 13:23:00,959.2,959.2,958.5,958.85,5304799
2026-10-05 13:24:00,958.85,958.85,957.6,957.8,5323150
2026-10-05 13:25:00,957.7,957.95,957.4,957.4,5334849
2026-10-05 13:26:00,957.4,957.65,957.3,957.3,5341446
2026-10-05 13:27:00,957.4,957.5,957.1,957.5,5346025
2026-10-05 13:28:00,957.5,957.5,957.2,957.2,5361087
2026-10-05 13:29:00,957.2,957.6,957.2,957.6,5405803
2026-10-05 13:30:00,957.6,957.6,957.35,957.5,5423578
2026-10-05 13:31:00,957.55,957.55,957.35,957.35,5436466
2026-10-05 13:47:00,962.25,962.85,962.15,962.35,6014132
2026-10-05 13:48:00,962.35,962.55,962,962.2,6022359
2026-10-05 13:49:00,962.2,963.05,962.05,962.55,6056919
2026-10-05 13:50:00,962.75,962.8,962.1,962.4,6071359
2026-10-05 13:51:00,962.45,962.5,962.05,962.1,6075637
2026-10-06 11:49:00,955.6,955.9,955.5,955.9,2372974
2026-10-06 11:50:00,955.9,955.9,955.2,955.2,2384542
2026-10-06 11:51:00,955.3,955.4,955.1,955.1,2394599
2026-10-06 09:15:00,962.10,963.65,957.00,957.50,75644
2026-10-06 09:16:00,957.65,957.75,954.05,955.10,101366
2026-10-06 09:17:00,955.10,956.35,955.00,956.05,28366
2026-10-06 09:18:00,956.25,956.60,955.70,955.70,39810
2026-10-06 09:19:00,955.80,955.95,954.75,955.75,25503
2026-10-06 09:20:00,955.35,955.40,952.60,954.60,53484
2026-10-06 09:21:00,954.55,955.95,954.55,955.05,21047
2026-10-06 09:22:00,955.20,955.20,954.65,955.15,10833
2026-10-06 09:23:00,955.10,955.25,954.70,955.10,9359
2026-10-06 09:24:00,955.10,955.40,954.90,955.20,4854
2026-10-06 09:25:00,954.85,955.40,954.85,955.10,11525
2026-10-06 09:26:00,955.40,955.55,955.20,955.45,28675
2026-10-06 09:27:00,955.45,955.55,955.20,955.20,13886
2026-10-06 09:28:00,955.20,955.40,955.05,955.05,7800
2026-10-06 09:29:00,955.15,955.15,954.55,954.75,15354
2026-10-06 09:30:00,954.70,955.15,954.70,955.15,7243
2026-10-06 09:31:00,955.60,956.15,955.60,955.80,21886
2026-10-06 09:32:00,955.80,956.35,955.55,956.30,17376
2026-10-06 09:33:00,956.25,956.55,955.95,956.20,20578
2026-10-06 09:34:00,956.20,956.25,956.00,956.25,7010
2026-10-06 09:35:00,956.25,956.80,956.20,956.65,5350
2026-10-06 09:36:00,956.65,956.70,955.95,956.05,13660
2026-10-06 09:37:00,956.05,956.65,955.90,956.40,11313
2026-10-06 09:38:00,956.35,956.65,956.35,956.65,17441
2026-10-06 09:39:00,956.55,957.00,956.55,957.00,13575
2026-10-06 09:40:00,957.00,957.45,957.00,957.10,16193
2026-10-06 09:41:00,957.00,957.60,957.00,957.60,9107
2026-10-06 09:42:00,957.35,957.80,956.65,957.05,17145
2026-10-06 09:43:00,957.05,957.30,957.00,957.20,7649
2026-10-06 09:44:00,957.15,957.40,956.65,957.05,7857
2026-10-06 09:45:00,956.90,957.20,956.55,957.15,6597
2026-10-06 09:46:00,957.25,957.95,957.15,957.35,9562
2026-10-06 09:47:00,957.35,957.70,957.05,957.70,8375
2026-10-06 09:48:00,957.70,958.70,957.55,958.30,8877
2026-10-06 09:49:00,958.10,958.10,957.55,957.85,8364
2026-10-06 09:50:00,957.85,957.85,957.25,957.40,6012
2026-10-06 09:51:00,957.35,957.60,957.00,957.30,13291
2026-10-06 09:52:00,957.20,958.40,956.85,958.20,71629
2026-10-06 09:53:00,958.20,958.20,957.20,957.45,14934
2026-10-06 09:54:00,957.50,957.90,957.15,957.90,12009
2026-10-06 09:55:00,957.95,958.70,957.95,958.40,24825
2026-10-06 09:56:00,958.40,958.55,958.15,958.45,4747
2026-10-06 09:57:00,958.50,958.55,958.40,958.40,4846
2026-10-06 09:58:00,958.20,958.20,957.95,958.05,9320
2026-10-06 09:59:00,958.10,958.35,958.00,958.00,9672
2026-10-06 10:00:00,958.05,958.30,957.70,958.05,10571
2026-10-06 10:01:00,958.10,958.10,957.30,957.80,5759
2026-10-06 10:02:00,957.65,957.85,957.40,957.75,2511
2026-10-06 10:03:00,957.75,957.75,957.15,957.25,6692
2026-10-06 10:04:00,957.40,957.40,957.15,957.15,4627
2026-10-06 10:05:00,957.35,957.35,956.35,956.85,12342
2026-10-06 10:06:00,956.60,957.00,956.10,956.90,10495
2026-10-06 10:07:00,956.95,957.00,956.20,956.45,8624
2026-10-06 10:08:00,956.45,958.10,956.20,957.30,30602
2026-10-06 10:09:00,957.55,957.55,956.70,957.45,19353
2026-10-06 10:10:00,957.50,958.65,956.70,958.10,25957
2026-10-06 10:11:00,958.15,958.60,957.80,957.90,14667
2026-10-06 10:12:00,957.85,958.40,957.30,958.10,17039
2026-10-06 10:13:00,958.10,958.40,957.80,957.95,3646
2026-10-06 10:14:00,958.00,958.90,957.95,958.65,20183
2026-10-06 10:15:00,958.75,959.05,958.55,959.05,25652
2026-10-06 10:16:00,959.00,959.60,958.90,959.50,15408
2026-10-06 10:17:00,959.60,960.00,959.50,959.90,15441
2026-10-06 10:18:00,959.90,959.95,959.35,959.45,10403
2026-10-06 10:19:00,959.45,959.85,959.40,959.40,13829
2026-10-06 10:20:00,959.40,959.85,959.30,959.60,6369
2026-10-06 10:21:00,959.60,959.80,959.40,959.45,4830
2026-10-06 10:22:00,959.45,959.95,959.45,959.80,19908
2026-10-06 10:23:00,959.85,959.90,958.80,959.40,20230
2026-10-06 10:24:00,959.40,959.85,959.35,959.80,2834
2026-10-06 10:25:00,959.75,959.80,959.60,959.80,1931
2026-10-06 10:26:00,959.75,959.95,959.55,959.95,3538
2026-10-06 10:27:00,959.80,959.80,959.50,959.50,10890
2026-10-06 10:28:00,959.50,959.75,959.40,959.60,16063
2026-10-06 10:29:00,959.70,959.85,959.40,959.85,13324
2026-10-06 10:30:00,959.85,959.85,959.70,959.70,6567
2026-10-06 10:31:00,959.70,959.85,959.60,959.80,4250
2026-10-06 10:32:00,959.80,959.80,958.75,959.10,6117
2026-10-06 10:33:00,959.00,959.35,958.65,959.20,4249
2026-10-06 10:34:00,959.30,959.70,959.05,959.70,5134
2026-10-06 10:35:00,959.65,959.75,959.50,959.55,10026
2026-10-06 10:36:00,959.55,959.65,959.00,959.60,9706
2026-10-06 10:37:00,959.55,959.80,959.35,959.75,4613
2026-10-06 10:38:00,959.80,959.80,959.20,959.20,3858
2026-10-06 10:39:00,959.30,960.40,959.10,960.25,14224
2026-10-06 10:40:00,960.20,960.45,959.60,959.75,6074
2026-10-06 10:41:00,959.85,959.90,959.60,959.80,4501
2026-10-06 10:42:00,959.85,960.20,959.75,959.95,2427
2026-10-06 10:43:00,960.00,960.25,959.70,960.15,7214
2026-10-06 10:44:00,959.90,960.20,959.70,960.20,14489
2026-10-06 10:45:00,960.20,960.30,958.05,958.45,44140
2026-10-06 10:46:00,958.40,958.70,957.25,957.85,14600
2026-10-06 10:47:00,957.80,957.90,957.30,957.75,9441
2026-10-06 10:48:00,957.85,958.00,957.60,957.65,17384
2026-10-06 10:49:00,957.65,958.00,957.60,958.00,9107
2026-10-06 10:50:00,957.95,958.00,957.60,957.60,12637
2026-10-06 10:51:00,957.50,957.95,957.10,957.40,9078
2026-10-06 10:52:00,957.30,958.00,957.20,957.80,17125
2026-10-06 10:53:00,957.80,958.00,957.30,957.70,14308
2026-10-06 10:54:00,957.50,957.95,957.40,957.70,6393
2026-10-06 10:55:00,957.65,957.85,957.00,957.00,13239
2026-10-06 10:56:00,957.10,957.30,957.00,957.00,7066
2026-10-06 10:57:00,957.00,957.65,957.00,957.20,10487
2026-10-06 10:58:00,957.35,957.70,957.20,957.70,26852
2026-10-06 10:59:00,957.70,958.00,957.55,957.95,6696
2026-10-06 11:00:00,958.00,958.05,957.85,958.00,40750
2026-10-06 11:01:00,957.95,958.55,957.95,958.55,31874
2026-10-06 11:02:00,958.55,958.55,957.85,958.00,16901
2026-10-06 11:03:00,958.00,958.55,957.60,957.80,54382
2026-10-06 11:04:00,957.75,958.00,957.65,958.00,6077
2026-10-06 11:05:00,957.90,958.50,957.80,958.10,46700
2026-10-06 11:06:00,958.00,958.00,957.65,957.65,26452
2026-10-06 11:07:00,957.65,958.00,957.50,957.95,8381
2026-10-06 11:08:00,957.85,958.55,957.80,958.25,9994
2026-10-06 11:09:00,958.35,958.70,958.20,958.50,8600
2026-10-06 11:10:00,958.55,959.00,957.00,958.55,127448
2026-10-06 11:11:00,958.60,958.60,957.80,958.00,20527
2026-10-06 11:12:00,958.00,958.00,957.80,958.00,9468
2026-10-06 11:13:00,958.00,958.35,957.50,958.35,10605
2026-10-06 11:14:00,958.40,958.55,957.60,957.65,13881
2026-10-06 11:15:00,957.80,958.00,957.70,957.95,13545
2026-10-06 11:16:00,958.00,958.00,957.80,957.95,3844
2026-10-06 11:17:00,958.00,958.00,957.60,957.60,6835
2026-10-06 11:18:00,957.70,958.00,957.55,958.00,8014
2026-10-06 11:19:00,958.00,958.00,957.70,957.85,5126
2026-10-06 11:20:00,957.95,958.00,957.50,957.55,9704
2026-10-06 11:21:00,957.55,957.60,957.10,957.60,12527
2026-10-06 11:22:00,957.60,957.80,957.20,957.45,10006
2026-10-06 11:23:00,957.35,957.90,957.20,957.50,11013
2026-10-06 11:24:00,957.60,957.70,957.25,957.55,3929
2026-10-06 11:25:00,957.30,957.65,957.20,957.60,7143
2026-10-06 11:26:00,957.50,957.80,957.35,957.60,4344
2026-10-06 11:27:00,957.60,957.90,957.40,957.70,2581
2026-10-06 11:28:00,957.85,958.00,957.50,957.55,13688
2026-10-06 11:29:00,957.80,957.95,957.50,957.95,4732
2026-10-06 11:30:00,957.70,958.00,957.60,957.70,2441
2026-10-06 11:31:00,957.70,958.00,957.60,957.70,4168
2026-10-06 11:32:00,957.60,957.90,957.45,957.90,12059
2026-10-06 11:33:00,957.70,957.75,957.35,957.40,17913
2026-10-06 11:34:00,957.50,957.90,957.35,957.90,1641
2026-10-06 11:35:00,957.80,957.80,956.00,956.00,29311
2026-10-06 11:36:00,956.30,956.35,955.80,956.00,30830
2026-10-06 11:37:00,956.05,956.05,955.00,955.80,23340
2026-10-06 11:38:00,955.80,956.00,955.50,955.60,12140
2026-10-06 11:39:00,955.55,955.85,955.45,955.55,4477
2026-10-06 11:40:00,955.60,955.90,955.50,955.70,4960
2026-10-06 11:41:00,955.75,955.80,955.00,955.00,19637
2026-10-06 11:42:00,955.15,955.85,955.00,955.70,13669
2026-10-06 11:43:00,955.70,955.70,955.20,955.30,6430
2026-10-06 11:44:00,955.30,955.40,955.05,955.35,9434
2026-10-06 11:45:00,955.20,955.90,955.20,955.75,11260
2026-10-06 11:46:00,955.80,956.00,955.40,955.85,11612
2026-10-06 11:47:00,955.95,955.95,955.55,955.80,5888
2026-10-06 11:48:00,955.80,955.80,955.25,955.60,9722
2026-10-06 11:51:00,955.3,955.4,955.1,955.2,2396523
2026-10-06 11:52:00,955.2,955.45,954,954.35,2470560
2026-10-06 11:53:00,954.35,954.35,953.85,954,2512153
2026-10-06 11:54:00,954,954.5,953.6,953.65,2533764
2026-10-06 11:55:00,953.6,954.1,953.55,954,2549648
2026-10-06 11:56:00,954,954.25,953.85,954.05,2554080
2026-10-06 11:58:00,954.25,954.25,954.2,954.25,2564707
2026-10-06 11:59:00,954.25,954.4,954.2,954.25,2570934
2026-10-06 12:00:00,954.25,954.25,953.6,953.6,2601888
2026-10-06 12:01:00,953.7,954.4,953.7,954.2,2607541
2026-10-06 12:02:00,954.4,954.45,953.9,954.2,2640205
2026-10-06 12:03:00,954.1,954.8,953.85,953.85,2715685
2026-10-06 12:04:00,954.1,954.5,953.85,954.2,2731140
2026-10-06 12:05:00,954.2,955,953.95,953.95,2793868
2026-10-06 12:06:00,953.95,954.15,953.8,954,2828970
2026-10-06 12:07:00,954,954.45,953.8,953.8,2860662
2026-10-06 12:08:00,953.8,954,953.5,953.85,2891404
2026-10-06 12:09:00,953.85,954,952.95,952.95,2960948
2026-10-06 12:10:00,952.95,952.95,952.6,952.9,2998799
2026-10-06 12:11:00,952.95,952.95,952.1,952.1,3031470
2026-10-06 12:12:00,952.15,952.3,950,950.85,3147133
2026-10-06 12:13:00,950.85,951.75,950.85,951.75,3163645
2026-10-06 12:14:00,951.45,952.05,951.35,952.05,3171926
2026-10-06 12:15:00,951.95,952.55,951.75,952.25,3193026
2026-10-06 12:16:00,952.2,952.6,951.85,951.95,3215951
2026-10-06 12:17:00,951.95,952.45,951.95,952.4,3225380
2026-10-06 12:18:00,952.4,952.45,952.1,952.25,3248199
2026-10-06 12:19:00,952.25,952.9,951.75,951.8,3318175
2026-10-06 12:20:00,951.75,952,951.75,952,3333520
2026-10-06 12:21:00,951.85,952,951.85,952,3338552
2026-10-06 12:22:00,951.9,952,951.9,951.95,3340622
2026-10-06 12:23:00,952,952.15,951.9,952.1,3382275
2026-10-06 12:24:00,952.1,953.3,952.1,953.3,3390761
2026-10-06 12:25:00,953.3,953.45,952.5,952.5,3423509
2026-10-06 12:26:00,952.7,953,952.5,952.85,3436026
2026-10-06 12:27:00,953,953,952.8,952.9,3439806
2026-10-06 12:28:00,952.9,952.9,952.75,952.9,3441569
2026-10-06 12:29:00,952.95,952.95,952.85,952.85,3451681
2026-10-06 12:30:00,952.8,953,952.8,953,3457391
2026-10-06 12:31:00,953,953,952.5,952.65,3482836
2026-10-06 12:32:00,952.7,952.85,952.4,952.5,3492604
2026-10-06 12:34:00,952.65,953,952.4,952.5,3524829
2026-10-06 12:35:00,952.5,952.65,952.3,952.4,3529311
