Timestamp,Open,High,Low,Close,Volume
1791171900,163.0,163.08,162.0,162.19,517476
1791171960,162.19,162.58,161.8,162.12,227473
1791172020,162.08,162.76,161.65,162.6,185659
1791172080,162.67,162.67,161.43,161.62,262763
1791172140,161.61,162.35,161.6,162.08,352919
1791172200,162.01,162.5,161.89,162.49,193745
1791172260,162.55,162.86,162.45,162.83,154519
1791172320,162.81,162.82,162.45,162.48,154108
1791172380,162.48,162.56,162.38,162.46,96115
1791172440,162.49,162.49,162.13,162.45,199601
1791172500,162.36,162.54,162.25,162.31,180352
1791172560,162.33,162.39,162.13,162.21,159179
1791172620,162.15,162.49,162.1,162.4,224158
1791172680,162.49,162.55,162.38,162.41,80146
1791172740,162.41,162.73,162.32,162.63,162130
1791172800,162.74,162.97,162.7,162.85,272173
1791172860,162.9,163.21,162.77,163.21,178167
1791172920,163.24,163.38,163.15,163.27,172552
1791172980,163.24,163.36,163.09,163.28,187522
1791173040,163.31,163.5,163.15,163.15,249920
1791173100,163.22,163.41,163.14,163.4,158580
1791173160,163.41,163.6,163.25,163.5,251717
1791173220,163.56,163.61,163.3,163.4,141899
1791173280,163.36,163.9,163.36,163.63,277553
1791173340,163.63,163.98,163.63,163.85,149830
1791173400,163.77,163.84,163.65,163.73,166389
1791173460,163.75,164.0,163.73,163.94,193057
1791173520,163.99,164.2,163.71,163.75,266043
1791173580,163.79,164.07,163.77,163.9,137585
1791173640,163.89,164.05,163.85,164.0,157291
1791173700,164.05,164.19,163.99,164.08,143869
1791173760,164.1,164.3,164.09,164.13,220152
1791173820,164.13,164.21,163.91,163.97,100723
1791173880,163.97,164.03,163.8,163.94,116602
1791173940,163.91,163.92,163.76,163.84,77733
1791174000,163.85,164.0,163.81,163.96,105737
1791174060,163.95,164.1,163.93,163.96,137851
1791174120,163.97,164.05,163.72,163.83,99021
1791174180,163.83,163.89,163.72,163.8,82101
1791174240,163.82,163.91,163.71,163.78,119575
1791174300,163.75,163.75,163.68,163.71,63482
1791174360,163.73,163.8,163.52,163.53,137445
1791174420,163.53,163.71,163.45,163.46,104773
1791174480,163.5,163.57,163.27,163.4,242342
1791174540,163.41,163.62,163.38,163.41,131666
1791174600,163.45,163.47,163.25,163.33,92625
1791174660,163.33,163.45,163.27,163.41,79430
1791174720,163.4,163.57,163.4,163.5,111171
1791174780,163.56,163.75,163.54,163.57,114276
1791174840,163.57,163.57,163.37,163.48,94396
1791174900,163.42,163.42,163.2,163.25,94881
1791174960,163.25,163.49,163.22,163.49,81783
1791175020,163.62,163.8,163.55,163.64,115986
1791175080,163.64,163.7,163.55,163.64,127153
1791175140,163.6,163.7,163.57,163.58,39716
1791175200,163.61,163.61,163.43,163.45,70318
1791175260,163.52,163.56,163.41,163.41,79928
1791175320,163.43,163.48,163.36,163.38,65743
1791175380,163.37,163.72,163.29,163.59,150616
1791175440,163.52,163.62,163.32,163.4,65855
1791175500,163.38,163.45,163.32,163.33,49996
1791175560,163.32,163.4,163.27,163.34,73723
1791175620,163.32,163.38,163.28,163.32,48546
1791175680,163.33,163.44,163.26,163.37,88138
1791175740,163.38,163.38,163.34,163.35,40726
1791175800,163.38,163.41,163.31,163.37,66430
1791175860,163.39,163.43,163.38,163.4,58234
1791175920,163.44,163.44,163.14,163.14,235736
1791175980,163.15,163.36,163.15,163.3,108311
1791176040,163.35,163.35,163.06,163.08,145149
1791176100,163.11,163.26,163.05,163.16,102495
1791176160,163.16,163.2,162.82,162.87,113964
1791176220,162.88,163.2,162.87,163.2,80073
1791176280,163.23,163.38,163.19,163.31,87065
1791176340,163.26,163.27,163.08,163.09,252354
1791176400,163.14,163.15,162.9,163.02,244266
1791176460,163.0,163.15,163.0,163.08,73787
1791176520,163.07,163.1,162.98,163.03,86538
1791176580,163.05,163.16,163.0,163.08,61076
1791176640,163.05,163.14,163.0,163.0,66041
1791176700,162.98,163.02,162.82,162.88,146402
1791176760,162.9,162.91,162.72,162.89,103489
1791176820,162.89,162.9,162.76,162.85,44381
1791176880,162.84,162.84,162.77,162.8,59204
1791176940,162.8,162.83,162.76,162.81,45061
1791177000,162.83,162.99,162.79,162.83,69193
1791177060,162.8,162.82,162.66,162.67,51276
1791177120,162.7,162.75,162.61,162.69,33439
1791177180,162.66,162.78,162.64,162.7,83068
1791177240,162.71,162.81,162.7,162.7,49512
1791177300,162.74,162.74,162.65,162.65,30748
1791177360,162.68,162.71,162.64,162.69,48397
1791177420,162.71,162.75,162.62,162.65,70268
1791177480,162.65,162.67,162.54,162.6,59213
1791177540,162.61,162.75,162.6,162.64,86544
1791177600,162.72,162.73,162.53,162.62,310572
1791177660,162.62,162.71,162.61,162.7,39376
1791177720,162.7,162.72,162.56,162.57,31919
1791177780,162.64,162.64,162.47,162.5,51958
1791177840,162.5,162.53,162.42,162.42,52103
1791177900,162.42,162.43,162.3,162.3,77174
1791177960,162.3,162.36,162.27,162.33,59188
1791178020,162.29,162.42,162.29,162.39,51556
1791178080,162.41,162.47,162.36,162.47,62248
1791178140,162.42,162.47,162.35,162.42,54368
1791178200,162.42,162.46,162.35,162.39,51464
1791178260,162.43,162.43,162.25,162.32,52445
1791178320,162.29,162.38,162.26,162.35,38493
1791178380,162.32,162.41,162.32,162.39,38039
1791178440,162.39,162.42,162.33,162.37,68205
1791178500,162.37,162.4,162.32,162.32,68112
1791178560,162.33,162.4,162.32,162.32,36564
1791178620,162.33,162.35,162.23,162.34,270690
1791178680,162.33,162.33,162.21,162.21,25970
1791178740,162.25,162.3,162.2,162.3,47091
1791178800,162.3,162.4,162.24,162.35,95547
1791178860,162.35,162.38,162.25,162.34,44839
1791178920,162.35,162.35,162.31,162.34,37110
1791178980,162.34,162.39,162.32,162.35,25262
1791179040,162.35,162.36,162.33,162.36,52632
1791179100,162.34,162.35,162.24,162.31,33903
1791179160,162.3,162.31,162.16,162.23,48484
1791179220,162.23,162.25,162.2,162.25,16797
1791179280,162.25,162.32,162.04,162.32,148787
1791179340,162.31,162.31,162.13,162.15,61989
1791179400,162.15,162.24,162.15,162.18,41839
1791179460,162.17,162.32,162.15,162.32,283061
1791179520,162.21,162.37,162.21,162.3,192303
1791179580,162.3,162.3,162.16,162.18,39155
1791179640,162.21,162.24,162.16,162.24,33193
1791179700,162.29,162.39,162.23,162.39,75055
1791179760,162.42,162.43,162.29,162.33,68135
1791179820,162.33,162.5,162.3,162.48,52570
1791179880,162.48,162.59,162.44,162.55,70969
1791179940,162.52,162.55,162.38,162.51,30584
1791180000,162.51,162.61,162.44,162.59,82542
1791180060,162.59,162.61,162.53,162.55,86673
1791180120,162.6,162.63,162.55,162.6,37273
1791180180,162.6,162.64,162.53,162.62,35589
1791180240,162.62,162.65,162.59,162.62,45410
1791180300,162.63,162.7,162.62,162.63,83356
1791180360,162.59,162.67,162.54,162.54,56487
1791180420,162.53,162.57,162.5,162.5,51238
1791180480,162.55,162.56,162.31,162.37,81432
1791180540,162.39,162.4,162.18,162.23,63875
1791180600,162.23,162.35,162.19,162.31,22477
1791180660,162.36,162.5,162.32,162.4,41862
1791180720,162.4,162.43,162.4,162.42,24667
1791180780,162.41,162.42,162.29,162.41,35341
1791180840,162.41,162.42,162.36,162.37,28743
1791180900,162.35,162.35,162.24,162.27,24625
1791180960,162.32,162.54,162.27,162.41,76322
1791181020,162.48,162.57,162.46,162.5,79917
1791181080,162.5,162.54,162.38,162.5,288519
1791181140,162.5,162.58,162.37,162.56,97436
1791181200,162.57,162.57,162.38,162.45,62057
1791181260,162.45,162.48,162.39,162.45,34404
1791181320,162.45,162.54,162.39,162.5,73079
1791181380,162.53,162.6,162.49,162.56,131738
1791181440,162.53,162.64,162.53,162.59,44618
1791181500,162.59,162.67,162.59,162.66,48301
1791181560,162.66,162.8,162.53,162.72,138688
1791181620,162.73,162.78,162.63,162.74,123982
1791181680,162.7,162.74,162.55,162.69,160863
1791181740,162.67,162.7,162.6,162.64,96519
1791181800,162.61,162.64,162.32,162.42,62771
1791181860,162.44,162.54,162.42,162.5,45574
1791181920,162.49,162.64,162.46,162.62,46085
1791181980,162.61,162.62,162.48,162.54,63826
1791182040,162.52,162.54,162.45,162.5,61190
1791182100,162.48,162.53,162.46,162.5,20800
1791182160,162.48,162.49,162.35,162.41,56972
1791182220,162.38,162.38,162.21,162.3,25587
1791182280,162.33,162.4,162.27,162.38,31401
1791182340,162.38,162.41,162.34,162.37,21932
1791182400,162.37,162.38,162.32,162.36,19490
1791182460,162.38,162.42,162.2,162.23,89014
1791182520,162.26,162.27,162.16,162.19,51387
1791182580,162.19,162.19,162.07,162.07,36513
1791182640,162.1,162.17,162.1,162.15,28192
1791182700,162.14,162.3,162.06,162.26,57848
1791182760,162.28,162.32,162.2,162.23,58232
1791182820,162.23,162.23,162.07,162.11,23148
1791182880,162.11,162.33,162.07,162.21,90921
1791182940,162.22,162.25,162.15,162.15,55477
1791183000,162.18,162.35,162.18,162.33,75000
1791183060,162.34,162.34,162.25,162.3,36570
1791183120,162.26,162.31,162.26,162.31,46683
1791183180,162.31,162.43,162.25,162.3,73018
1791183240,162.33,162.33,162.25,162.29,34553
1791183300,162.28,162.37,162.28,162.29,16296
1791183360,162.32,162.33,162.18,162.18,52372
1791183420,162.19,162.19,162.13,162.17,20047
1791183480,162.17,162.3,162.15,162.22,37991
1791183540,162.25,162.27,162.21,162.21,20368
1791183600,162.23,162.24,162.2,162.23,28356
1791183660,162.22,162.25,162.2,162.21,29100
1791183720,162.22,162.34,162.19,162.26,55203
1791183780,162.26,162.28,162.08,162.08,52160
1791183840,162.1,162.1,162.05,162.08,34949
1791183900,162.08,162.1,162.0,162.09,57112
1791183960,162.09,162.15,162.03,162.14,50247
1791184020,162.14,162.15,161.99,162.05,273906
1791184080,162.06,162.14,161.93,161.96,71876
1791184140,161.96,162.05,161.94,162.01,37174
1791184200,162.01,162.01,161.92,161.99,36511
1791184260,161.99,162.05,161.99,162.01,50763
1791184320,162.04,162.05,161.94,162.02,27186
1791184380,162.05,162.12,162.05,162.1,41242
1791184440,162.07,162.07,162.01,162.06,23818
1791184500,162.06,162.06,161.95,161.98,13307
1791184560,161.98,162.07,161.95,162.04,43669
1791184620,162.04,162.09,162.0,162.03,65047
1791184680,162.03,162.05,161.91,161.91,62860
1791184740,161.97,161.97,161.81,161.88,77224
1791184800,161.88,162.1,161.87,162.08,71041
1791184860,162.08,162.15,162.03,162.13,28339
1791184920,162.13,162.3,162.12,162.15,86558
1791184980,162.15,162.15,162.05,162.05,53911
1791185040,161.99,162.07,161.95,161.97,43957
1791185100,161.98,162.11,161.94,162.0,113019
1791185160,161.95,162.05,161.9,161.9,65825
1791185220,161.93,162.0,161.9,161.99,32919
1791185280,162.0,162.04,161.96,162.0,45386
1791185340,162.0,162.0,161.82,161.9,26591
1791185400,161.95,161.95,161.85,161.85,43664
1791185460,161.84,161.95,161.83,161.94,30309
1791185520,161.97,161.97,161.92,161.94,31451
1791185580,161.94,162.0,161.94,162.0,46425
1791185640,162.0,162.09,161.99,162.05,33780
1791185700,162.05,162.08,161.97,162.04,89923
1791185760,162.08,162.08,161.98,162.07,50577
1791185820,162.07,162.07,161.95,161.96,49877
1791185880,161.95,161.98,161.9,161.93,41064
1791185940,161.93,161.93,161.93,161.93,0
1791186120,161.93,161.98,161.92,161.96,21864256
1791186180,161.96,161.97,161.94,161.96,21886348
1791186240,161.97,162.1,161.86,161.93,22012540
1791186300,161.92,162,161.92,162,22051384
1791186360,162,162.01,161.88,161.91,22092492
1791186420,161.91,161.91,161.87,161.91,22112609
1791186480,161.91,161.98,161.84,161.85,22181914
1791186540,161.85,161.91,161.84,161.87,22212195
1791186720,161.87,161.92,161.86,161.91,22357917
1791186780,161.91,161.94,161.88,161.89,22394302
1791186840,161.89,161.93,161.81,161.9,22424039
1791186900,161.9,161.94,161.89,161.94,22447308
1791186960,161.94,161.95,161.82,161.9,22506424
1791187020,161.9,161.92,161.84,161.92,22520055
1791187080,161.92,162.11,161.92,162.11,22579680
1791187140,162.11,162.29,162.1,162.28,22663181
1791187200,162.28,162.3,162.08,162.11,22739587
1791187260,162.11,162.16,162.01,162.15,22759747
1791188220,162.35,162.4,162.35,162.36,23679743
1791188280,162.38,162.38,162.29,162.35,23731748
1791188340,162.35,162.38,162.29,162.32,23766935
1791188400,162.33,162.35,162.27,162.32,23792507
1791188460,162.32,162.34,162.32,162.34,23803262
